
 1004.0     54   29.0   24.3     76  19.49    120     10  301.8  359.6  305.3
 1000.0     91   28.2   23.2     74  18.28    120     10  301.4  355.4  304.6
  992.0    162   27.4   22.4     74  17.53    118     11  301.2  353.1  304.4
  977.0    296   26.2   21.8     77  17.19    115     12  301.4  352.2  304.5
  944.0    598   23.6   20.6     83  16.43    105     17  301.6  350.3  304.6
  925.0    777   22.0   19.8     87  15.98    100     19  301.8  349.1  304.7
  912.0    900   21.4   19.3     88  15.70    105     20  302.4  349.0  305.2
  887.0   1142   20.2   18.3     89  15.16    102     18  303.6  348.8  306.3
  872.0   1289   18.8   16.5     86  13.70    100     16  303.6  344.6  306.1
  865.0   1359   18.2   15.6     85  13.05     97     15  303.7  342.7  306.1
  850.0   1509   16.6   14.2     86  12.12     90     13  303.5  339.8  305.7
  829.0   1722   16.0   14.0     88  12.27     86     13  305.1  342.0  307.3
  793.0   2097   14.0   11.1     83  10.58     80     12  306.8  339.0  308.8
  748.0   2589   11.4    7.3     76   8.65     87     11  309.2  335.9  310.8
  741.0   2668   11.2    7.4     77   8.79     88     10  309.8  337.0  311.4
  700.0   3141    8.8    3.8     71   7.23     95      9  312.2  334.9  313.6
  621.0   4124    3.6   -4.1     57   4.56     90     22  317.1  332.0  317.9
  615.0   4204    3.1   -4.8     56   4.38     95     22  317.5  331.8  318.3
  613.0   4231    3.0   -5.0     56   4.32     95     22  317.6  331.8  318.4
  583.0   4637    1.6   -4.4     64   4.76     96     22  320.6  336.3  321.5
  515.0   5627   -4.3  -16.3     39   2.09     99     22  325.0  332.3  325.4
  500.0   5860   -5.9  -15.9     45   2.23    100     22  325.8  333.6  326.2
  483.0   6129   -7.9  -15.9     53   2.30     93     19  326.6  334.6  327.0
  473.0   6292   -8.5  -18.5     44   1.89     89     18  327.8  334.5  328.1
  449.0   6692  -11.5  -16.3     68   2.40     79     14  328.9  337.4  329.4
  408.0   7420  -14.8  -24.8     43   1.27     60      7  333.8  338.5  334.0
  400.0   7570  -15.5  -26.5     38   1.10     70      6  334.8  338.9  335.0
  363.0   8289  -20.5  -34.4     28   0.57    120      4  337.5  339.8  337.6
  333.0   8928  -24.9  -41.5     20   0.30    355      2  339.9  341.1  339.9
  328.0   9040  -25.7  -42.7     19   0.27      3      4  340.3  341.4  340.3
  327.0   9062  -25.9  -42.7     19   0.27      5      4  340.3  341.4  340.3
  322.0   9172  -26.9  -42.7     21   0.28    350      5  340.4  341.6  340.5
  316.0   9307  -28.1  -42.6     24   0.28     10      3  340.5  341.7  340.6
  311.0   9422  -29.2  -42.6     26   0.29    280      1  340.6  341.8  340.7
  300.0   9680  -31.5  -42.5     33   0.30    125      3  340.9  342.1  340.9
  290.0   9918  -32.9  -41.5     42   0.35    125      3  342.3  343.7  342.3
  274.0  10317  -35.1  -39.9     61   0.44    148      4  344.6  346.4  344.7
  250.0  10950  -40.3  -47.3     47   0.22    185      5  346.0  346.9  346.1
  237.0  11308  -43.6  -52.4     37   0.13    245      4  346.4  346.9  346.4
  230.0  11509  -45.4  -55.3     32   0.09    250      4  346.5  347.0  346.6
  226.0  11626  -46.5  -57.0     29   0.08    230      1  346.6  347.0  346.6
  216.0  11930  -49.3  -61.3     23   0.05    163      4  346.8  347.0  346.8
  203.0  12333  -53.0  -63.4     27   0.04     70      7  347.2  347.4  347.2
  200.0  12430  -53.9  -63.9     28   0.04     75      7  347.2  347.4  347.3
  186.0  12879  -57.6  -66.6     31   0.03     25     12  348.6  348.7  348.6
  173.0  13327  -61.3  -69.2     34   0.02      5     16  349.8  349.9  349.8
  150.0  14210  -68.5  -74.5     42   0.01    345     11  351.9  351.9  351.9
  136.0  14789  -70.3  -76.0     43   0.01      5     15  358.7  358.8  358.7
  108.0  16151  -74.5  -79.5     46   0.01    120     20  375.2  375.2  375.2
  107.0  16205  -74.7  -79.7     46   0.01    125     20  375.8  375.9  375.8
  104.0  16371  -73.9  -79.9     39   0.01    123     18  380.4  380.4  380.4
  102.0  16484  -73.7  -79.7     40   0.01    121     17  382.9  382.9  382.9
  100.0  16600  -74.1  -79.1     46   0.01    120     16  384.3  384.4  384.3
   98.1  16711  -74.7  -79.7     46   0.01    112     16  385.2  385.3  385.2
   94.0  16958  -75.7  -80.7     46   0.01     94     16  388.0  388.1  388.0
   92.0  17084  -74.8  -80.5     41   0.01     85     16  392.2  392.3  392.2
   87.0  17413  -72.4  -80.1     31   0.01     60     22  403.4  403.4  403.4
   79.1  17972  -68.3  -79.3     19   0.01     46     27  422.9  423.0  422.9
   73.0  18450  -69.3  -81.0     17   0.01     35     32  430.5  430.5  430.5
   70.0  18700  -69.9  -81.9     16   0.01     65     29  434.5  434.6  434.5
   69.3  18760  -69.9  -81.9     16   0.01     67     29  435.8  435.8  435.8
   55.0  20144  -65.3  -81.3      9   0.01    105     30  476.0  476.1  476.1
   50.4  20672  -66.5  -83.5      8   0.01     78     23  485.2  485.3  485.3
   50.0  20720  -66.5  -83.5      8   0.01     75     22  486.4  486.4  486.4
   44.0  21504  -61.2  -81.5      5   0.01    120     18  517.5  517.6  517.5
   42.9  21659  -60.1  -81.1      5   0.01    109     17  523.9  524.0  523.9
   42.0  21791  -60.5  -81.5      5   0.01    100     17  526.0  526.1  526.0
   41.0  21940  -61.0  -82.0      5   0.01    125     17  528.5  528.6  528.5
   39.1  22234  -61.9  -82.9      5   0.01    113     20  533.4  533.5  533.4
   32.0  23485  -57.8  -82.5      3   0.01     60     33  575.7  575.8  575.7
   31.5  23583  -57.5  -82.5      3   0.01     60     30  579.2  579.3  579.2
   30.0  23890  -58.1  -83.1      3   0.01     60     20  585.7  585.8  585.7
   29.0  24103  -58.6  -83.2      3   0.01     55     20  589.9  590.0  589.9
   27.8  24368  -59.3  -83.3      3   0.01     61     24  595.2  595.3  595.2
   27.0  24552  -58.8  -83.2      3   0.01     65     27  601.7  601.8  601.7
   25.0  25036  -57.4  -83.0      3   0.02     80     37  619.1  619.3  619.1
   24.4  25189  -56.9  -82.9      2   0.02     83     42  624.7  624.9  624.8
   24.0  25294  -56.7  -82.7      2   0.02     85     45  628.4  628.5  628.4
   22.0  25847  -55.5  -81.5      3   0.02     60     27  647.7  647.9  647.7
   21.7  25934  -55.3  -81.3      3   0.02     66     29  650.8  651.0  650.8
   21.4  26023  -55.7  -76.7      6   0.05     72     31  652.2  652.7  652.2
  

