
 1008.0     14   26.2   25.5     96  20.90    200      2  298.7  359.9  302.4
 1000.0     90   26.2   25.0     93  20.44    190      4  299.4  359.4  303.0
  946.0    580   23.2   23.0     99  19.11     73      5  301.1  357.6  304.5
  925.0    777   22.2   21.4     95  17.69     25      5  302.0  354.4  305.2
  850.0   1511   19.2   12.2     64  10.61     20      6  306.2  338.4  308.2
  840.0   1613   18.8   11.8     64  10.45     22      6  306.9  338.7  308.8
  806.0   1967   15.6   13.7     88  12.37     31      7  307.1  344.7  309.4
  737.0   2721   10.7    9.7     94  10.38     50     10  309.7  341.6  311.6
  728.0   2825   10.0    9.2     95  10.13     50     10  310.0  341.3  311.9
  718.0   2940    9.4    7.8     90   9.33     50     10  310.6  339.5  312.4
  700.0   3151    8.8    5.4     79   8.10     50     10  312.2  337.6  313.7
  668.0   3539    7.4    2.8     73   7.06     18     12  314.8  337.3  316.2
  660.0   3638    6.7    2.0     72   6.75     10     12  315.1  336.7  316.4
  647.0   3802    5.6    0.7     71   6.26     10     12  315.7  335.8  316.9
  633.0   3979    4.5    0.2     73   6.15     10     12  316.4  336.2  317.6
  615.0   4214    3.1   -0.6     77   6.01     40     12  317.4  336.8  318.5
  604.0   4361    2.2   -1.0     79   5.92     25     15  318.0  337.2  319.1
  585.0   4620    0.6   -1.8     84   5.77     42     16  319.1  337.9  320.2
  570.0   4829   -0.1   -7.4     58   3.88     55     16  320.7  333.6  321.4
  556.0   5028   -0.7  -12.7     40   2.60     50     17  322.2  331.1  322.7
  550.0   5115   -1.5   -6.5     69   4.30     48     17  322.2  336.6  323.1
  540.0   5261   -2.1  -12.1     46   2.81     44     18  323.2  332.9  323.8
  528.0   5439   -3.2  -11.5     52   3.01     40     19  324.0  334.4  324.6
  501.0   5854   -5.7  -10.2     71   3.53     45     19  325.8  337.9  326.5
  500.0   5870   -5.7  -10.5     69   3.46     45     19  326.0  337.9  326.7
  489.0   6044   -6.5  -15.7     48   2.31     45     22  327.1  335.2  327.5
  487.0   6076   -6.7  -16.7     45   2.14     45     22  327.3  334.8  327.7
  479.0   6204   -7.1  -23.1     27   1.25     43     22  328.3  332.9  328.6
  461.0   6501   -9.3  -18.5     47   1.94     40     21  329.2  336.1  329.6
  458.0   6551   -9.7  -17.7     52   2.09     42     21  329.3  336.8  329.7
  448.0   6721  -10.3  -27.3     23   0.91     48     20  330.6  334.1  330.8
  445.0   6772  -10.9  -25.9     28   1.05     49     19  330.5  334.4  330.7
  442.0   6824  -11.3  -17.3     61   2.24     51     19  330.6  338.6  331.1
  437.0   6911  -11.5  -36.5     11   0.39     54     19  331.5  333.0  331.5
  420.0   7212  -14.4  -18.1     73   2.20     65     17  331.6  339.5  332.0
  418.0   7249  -14.7  -15.9     91   2.66     63     17  331.6  341.1  332.1
  404.0   7505  -15.9  -20.4     68   1.87     45     14  333.3  340.1  333.6
  402.0   7543  -16.1  -21.1     65   1.78     47     13  333.5  340.0  333.9
  400.0   7580  -16.3  -21.0     67   1.80     50     11  333.7  340.3  334.1
  392.0   7732  -17.2  -21.0     72   1.85     65     11  334.5  341.2  334.9
  382.0   7926  -18.3  -20.9     80   1.90     68     11  335.5  342.5  335.9
  371.0   8143  -19.7  -26.7     54   1.17     72     12  336.5  340.9  336.7
  368.0   8204  -20.3  -22.4     83   1.73     73     12  336.4  342.8  336.8
  364.0   8285  -20.5  -27.5     54   1.11     74     12  337.2  341.4  337.4
  362.0   8325  -20.8  -27.5     55   1.11     75     12  337.4  341.6  337.6
  353.0   8511  -22.1  -27.7     60   1.12     60     10  338.1  342.4  338.3
  339.0   8808  -24.1  -28.0     70   1.13     75     10  339.2  343.6  339.5
  327.0   9071  -25.9  -30.2     67   0.96     89     10  340.3  344.0  340.5
  323.0   9160  -26.1  -34.1     47   0.66     93     10  341.2  343.8  341.3
  312.0   9410  -28.1  -45.1     18   0.22    106     10  341.8  342.7  341.9
  309.0   9479  -28.7  -41.0     30   0.34    110     10  341.9  343.3  342.0
  305.0   9572  -29.5  -35.5     56   0.61    108     10  342.1  344.5  342.2
  300.0   9690  -30.5  -37.5     50   0.51    105      9  342.3  344.3  342.4
  293.0   9858  -31.5  -40.5     41   0.38     96     10  343.2  344.8  343.2
  292.0   9882  -31.7  -40.6     41   0.38     95     10  343.2  344.8  343.3
  268.0  10482  -36.9  -42.9     54   0.32    119      3  344.2  345.5  344.2
  267.0  10508  -37.1  -43.0     54   0.32    120      3  344.2  345.6  344.3
  250.0  10960  -40.7  -45.2     62   0.27    165      5  345.4  346.6  345.5
  238.0  11293  -43.5  -47.1     67   0.23    157      5  346.1  347.1  346.1
  236.0  11350  -43.9  -50.9     46   0.15    156      5  346.3  347.0  346.4
  223.0  11728  -47.1  -55.1     39   0.10    147      4  347.1  347.5  347.1
  200.0  12440  -53.1  -59.1     48   0.07    130      4  348.5  348.8  348.5
  183.0  13003  -58.3  -61.4     67   0.05    113      4  349.0  349.3  349.0
  163.0  13719  -64.1  -69.1     50   0.02     91      4  351.0  351.1  351.0
  162.0  13756  -64.4  -69.0     53   0.02     90      4  351.1  351.2  351.1
  155.0  14023  -66.7  -68.5     78   0.02     64      6  351.7  351.8  351.7
  150.0  14220  -68.3  -71.2     66   0.02     45      7  352.2  352.3  352.2
  135.0  14844  -73.3  -79.3     40   0.01     40     16  354.1  354.2  354.1
  128.0  15155  -74.1  -77.9     56   0.01     45     26  358.1  358.2  358.1
  125.0  15294  -73.5  -79.6     39   0.01     40     28  361.6  361.6  361.6
  120.0  15534  -72.5  -82.5     21   0.00     55     34  367.7  367.7  367.7
  116.0  15732  -71.7  -84.9     12   0.00     90     27  372.8  372.8  372.8
  115.0  15783  -71.5  -85.5     11   0.00     90     26  374.1  374.1  374.1
  110.0  16043  -72.8  -85.5     13   0.00     90     22  376.5  376.5  376.5
  100.0  16600  -75.5  -85.5     20   0.00    100     11  381.6  381.6  381.6
   97.0  16777  -76.3  -86.3     19   0.00     95     12  383.3  383.3  383.3
   95.8  16849  -76.7  -86.7     19   0.00     95     14  384.0  384.0  384.0
   89.0  17281  -75.2  -87.6     13   0.00    110     12  395.0  395.0  395.0
   85.0  17551  -74.3  -88.2     10   0.00    105     13  402.1  402.1  402.1
   79.0  17980  -72.9  -89.0      7   0.00     45      8  413.6  413.6  413.6
   77.0  18131  -72.4  -89.3      6   0.00     15     10  417.7  417.7  417.7
   75.0  18285  -71.9  -89.7      6   0.00     40     15  421.9  421.9  421.9
   70.0  18690  -70.5  -90.5      4   0.00     50     18  433.2  433.2  433.2
   69.0  18775  -70.5  -90.7      4   0.00     50     17  435.0  435.0  435.0
   64.1  19213  -70.5  -91.5      3   0.00    103     20  444.3  444.3  444.3
   63.0  19316  -68.7  -91.8      2   0.00    115     21  450.4  450.4  450.4
   62.5  19364  -67.9  -91.9      2   0.00    113     21  453.2  453.2  453.2
   58.0  19809  -70.9  -91.6      3   0.00     90     21  456.3  456.3  456.3
   57.1  19902  -71.5  -91.5      4   0.00     95     24  456.9  456.9  456.9
   53.0  20343  -71.0  -92.7      3   0.00     90     25  468.0  468.0  468.0
   52.4  20410  -70.9  -92.9      3   0.00     97     25  469.7  469.7  469.7
   51.0  20572  -68.8  -93.1      2   0.00    115     25  478.2  478.2  478.2
   50.0  20690  -67.3  -93.3      1   0.00    105     23  484.5  484.5  484.5
   48.0  20941  -65.0  -92.8      1   0.00    110     32  495.6  495.7  495.6
   46.0  21202  -62.6  -92.3      1   0.00    120     19  507.5  507.5  507.5
   45.0  21337  -61.4  -92.0      1   0.00     80     25  513.7  513.7  513.7
   43.7  21517  -59.7  -91.7      1   0.00     74     34  522.1  522.1  522.1
   43.0  21617  -60.0  -91.6      1   0.00     70     39  523.8  523.8  523.8
   40.3  22021  -61.1  -91.1      1   0.00     70     24  530.8  530.8  530.8
   40.0  22068  -61.0  -91.1      1   0.00     70     22  532.1  532.1  532.1
   39.0  22226  -60.8  -91.2      1   0.00     65     25  536.5  536.5  536.5
   35.0  22900  -59.9  -91.4      1   0.00    115     19  555.7  555.7  555.7
   34.0  23081  -59.7  -91.5      1   0.00    110     18  561.0  561.0  561.0
   33.3  23211  -59.5  -91.5      1   0.00     96     23  564.8  564.8  564.8
   33.0  23268  -58.7  -91.2      1   0.00     90     25  568.3  568.3  568.3
   32.0  23462  -56.1  -90.1      1   0.00    140     10  580.3  580.3  580.3
   30.0  23870  -58.3  -90.3      1   0.00    210      4  585.1  585.1  585.1
   28.2  24257  -61.1  -91.1      1   0.00    295      8  587.8  587.8  587.8
   28.0  24301  -61.0  -91.1      1   0.00     20      5  589.3  589.3  589.3
   27.0  24528  -60.5  -91.3      1   0.00     75     10  596.9  597.0  596.9
   25.3  24933  -59.5  -91.5      1   0.00     88     24  610.9  610.9  610.9
  

