                                                             
  884.0   1189   17.6   17.6    100  14.54     40      5  301.2  344.1  303.8
  857.0   1453   17.2   13.9     81  11.78    247      9  303.4  338.7  305.6
  854.0   1483   16.9   13.8     82  11.72    230     10  303.5  338.6  305.6
  850.0   1523   16.6   13.6     82  11.65    220     11  303.5  338.4  305.6
  845.0   1573   16.3   13.4     83  11.56    210     11  303.7  338.3  305.8
  807.0   1964   13.6   11.8     89  10.92    225     21  304.9  337.8  306.9
  801.0   2027   13.2   11.6     90  10.82    228     20  305.1  337.8  307.1
  796.0   2080   13.0   11.5     91  10.81    230     20  305.4  338.1  307.4
  737.0   2726   10.6   10.1     97  10.64    236      9  309.6  342.3  311.6
  734.0   2761   10.2   10.2    100  10.76    237      8  309.5  342.6  311.5
  704.0   3108    8.4    8.4    100   9.95    240      2  311.3  342.1  313.2
  700.0   3155    8.2    8.2    100   9.84    250      2  311.5  342.1  313.4
  573.0   4782   -0.9   -0.9    100   6.29    148     10  319.2  339.6  320.4
  570.0   4824   -0.5   -2.3     87   5.69    145     10  320.2  338.9  321.3
  569.0   4838   -0.3   -2.8     83   5.50    144     10  320.6  338.6  321.6
  500.0   5860   -6.3   -6.6     98   4.69     35      9  325.3  341.1  326.2
  495.0   5939   -6.7   -6.7    100   4.71     35     10  325.7  341.6  326.7
  494.0   5955   -6.8   -6.8    100   4.67     35     10  325.8  341.6  326.8
  467.0   6392   -9.1   -9.9     94   3.90     30     10  328.3  341.7  329.1
  444.0   6784  -11.1  -12.6     89   3.29     37     11  330.5  342.0  331.1
  400.0   7580  -16.3  -18.1     86   2.31     50     12  333.7  342.1  334.2
  398.0   7617  -16.5  -18.4     86   2.28     50     12  333.9  342.1  334.3
  392.0   7729  -17.3  -19.1     86   2.16     70     12  334.4  342.2  334.8
  307.0   9525  -29.1  -31.5     80   0.90     11      8  342.0  345.5  342.2
  300.0   9690  -30.7  -32.5     84   0.84      5      8  342.0  345.3  342.2
  265.0  10547  -37.6  -40.4     75   0.43      5      7  344.2  345.9  344.3
  251.0  10922  -40.7  -43.9     71   0.31     10     10  345.1  346.4  345.1
  250.0  10950  -40.9  -44.1     71   0.31     15     10  345.1  346.4  345.2
  248.0  11004  -41.4  -44.6     70   0.29     30     10  345.2  346.4  345.3
  235.0  11365  -44.5  -48.2     66   0.21     40     12  345.9  346.8  345.9
  227.0  11598  -46.4  -50.4     64   0.17     15     13  346.3  347.0  346.3
  219.0  11838  -48.5  -52.8     61   0.13     16     14  346.7  347.3  346.7
  209.0  12145  -51.3  -55.2     63   0.10     18     16  347.0  347.4  347.0
  200.0  12430  -54.1  -57.3     68   0.08     20     17  346.9  347.3  346.9
  186.0  12885  -58.2  -61.3     67   0.05     30     22  347.5  347.8  347.5
  172.0  13375  -62.7  -65.7     67   0.03     26     24  348.0  348.1  348.0
  169.0  13482  -63.9  -68.1     56   0.02     26     25  347.8  347.9  347.8
  150.0  14200  -69.7  -75.7     41   0.01     20     28  349.8  349.9  349.8
  146.0  14361  -70.9  -77.9     35   0.01     12     30  350.5  350.5  350.5
  145.0  14401  -71.0  -77.7     36   0.01     10     30  351.0  351.0  351.0
  140.0  14609  -71.4  -76.7     45   0.01     30     29  353.8  353.8  353.8
  139.0  14651  -71.5  -76.5     47   0.01     40     29  354.4  354.4  354.4
  136.0  14781  -69.4  -78.9     24   0.01     70     28  360.3  360.3  360.3
  135.0  14825  -68.7  -79.7     19   0.01     71     29  362.3  362.3  362.3
  123.0  15374  -71.9  -81.8     22   0.00     85     36  366.2  366.3  366.2
  116.0  15720  -73.9  -83.1     23   0.00    100     28  368.7  368.7  368.7
  114.0  15823  -74.5  -83.5     24   0.00    110     23  369.4  369.5  369.4
  110.0  16032  -72.5  -84.8     14   0.00    130     10  376.9  377.0  376.9
  108.0  16139  -71.5  -85.5     11   0.00    145      4  380.9  380.9  380.9
  100.0  16590  -74.9  -85.9     17   0.00    245     10  382.8  382.8  382.8
   99.0  16648  -75.3  -86.0     18   0.00    245     10  383.1  383.1  383.1
   96.5  16797  -76.3  -86.3     19   0.00    225      3  383.9  384.0  383.9
   96.0  16827  -76.3  -86.3     19   0.00    160      1  384.5  384.5  384.5
   94.0  16949  -76.3  -86.3     19   0.00     75     10  386.8  386.9  386.8
   92.0  17073  -76.3  -86.3     19   0.00     75     15  389.2  389.2  389.2
   91.9  17079  -76.3  -86.3     19   0.00     76     15  389.3  389.4  389.3
   89.1  17258  -76.3  -87.3     16   0.00     98     22  392.8  392.8  392.8
   87.0  17399  -73.1  -88.1      9   0.00    115     27  401.8  401.9  401.8
   84.9  17542  -69.9  -88.9      5   0.00    107     21  411.2  411.2  411.2
   83.0  17677  -70.2  -88.9      5   0.00    100     16  413.2  413.2  413.2
   81.0  17822  -70.6  -88.8      5   0.00     75     14  415.3  415.3  415.3
   77.0  18123  -71.4  -88.7      6   0.00     65     13  419.7  419.7  419.7
   75.5  18240  -71.7  -88.7      6   0.00     80     15  421.5  421.5  421.5
   72.0  18522  -70.3  -89.8      4   0.00    115     19  430.1  430.1  430.1
   70.0  18690  -69.5  -90.5      3   0.00    115     20  435.4  435.4  435.4
   68.0  18864  -68.6  -91.0      3   0.00    120     19  440.9  440.9  440.9
   65.0  19136  -67.3  -91.7      2   0.00    105     27  449.6  449.6  449.6
   64.2  19210  -66.9  -91.9      2   0.00     99     23  452.0  452.0  452.0
   63.0  19323  -67.4  -91.9      2   0.00     90     16  453.3  453.3  453.3
   62.0  19419  -67.8  -91.9      2   0.00     55      9  454.5  454.5  454.5
   61.0  19516  -68.2  -91.9      2   0.00     40     10  455.7  455.7  455.7
   59.0  19715  -69.1  -91.9      2   0.00     25     11  458.1  458.1  458.1
   54.0  20244  -71.4  -91.9      3   0.00     60     19  464.6  464.6  464.6
   52.9  20367  -71.9  -91.9      4   0.00     72     20  466.1  466.1  466.1
   50.6  20630  -72.3  -92.3      4   0.00     98     22  471.1  471.1  471.1
   50.0  20700  -71.7  -92.7      3   0.00    105     23  474.1  474.1  474.1
   49.0  20822  -69.5  -92.9      2   0.00    115     26  482.1  482.1  482.1
   47.0  21072  -64.9  -93.4      1   0.00    100     13  498.8  498.9  498.8
   46.4  21150  -63.5  -93.5      1   0.00     88     10  504.1  504.1  504.1
   46.0  21203  -63.7  -92.1      1   0.00     80      8  504.9  504.9  504.9
   45.9  21216  -63.7  -91.7      1   0.00                505.1  505.2  505.1

