                                                             
  883.0   1189   19.4   19.4    100  16.34    180      3  303.1  351.8  306.1
  882.0   1199   19.6   17.1     85  14.11    179      3  303.4  345.5  306.0
  851.0   1508   19.4   14.8     75  12.59    161      6  306.4  344.4  308.7
  850.0   1518   19.2   14.8     76  12.61    160      6  306.2  344.4  308.6
  818.0   1848   17.4   11.4     68  10.45    161      7  307.7  339.6  309.6
  797.0   2070   15.4   13.0     86  11.95    162      7  307.9  344.3  310.1
  769.0   2374   14.4    8.4     67   9.07    163      8  310.0  338.0  311.6
  744.0   2653   12.4   10.0     85  10.47    163      9  310.7  343.1  312.7
  702.0   3140   10.1    7.0     81   9.00    165     10  313.4  341.6  315.1
  700.0   3164   10.0    6.8     80   8.93    165     10  313.5  341.6  315.2
  679.0   3417    8.7    4.3     74   7.75    105     11  314.8  339.4  316.3
  650.0   3778    6.8    0.8     66   6.28    103     11  316.6  336.8  317.8
  645.0   3842    7.8   -1.2     53   5.46    103     11  318.4  336.3  319.5
  632.0   4010    7.4   -2.6     49   5.03    102     11  319.9  336.4  320.8
  549.0   5146   -2.9   -4.9     86   4.87     95     12  320.7  336.8  321.6
  536.0   5340   -4.7   -5.3     96   4.84    104     11  320.8  336.8  321.8
  530.0   5429   -1.9  -10.9     50   3.16    108     11  325.2  336.1  325.8
  520.0   5580   -3.0  -11.4     53   3.10    115     10  325.6  336.3  326.2
  500.0   5890   -5.3  -12.3     58   2.99    115      8  326.5  336.9  327.1
  482.0   6174   -7.6  -13.4     63   2.84    110     14  327.1  337.0  327.7
  460.0   6536  -10.5  -14.8     71   2.64     85     13  327.9  337.1  328.4
  450.0   6707  -11.9  -15.5     75   2.56     97     13  328.2  337.2  328.7
  444.0   6809  -12.4  -16.6     71   2.37    105     13  328.8  337.1  329.3
  429.0   7070  -13.8  -19.4     63   1.93     70     13  330.3  337.2  330.7
  405.0   7506  -16.1  -24.1     50   1.35    116     17  332.8  337.8  333.1
  403.0   7544  -16.0  -28.0     35   0.96    120     17  333.4  337.1  333.6
  402.0   7562  -15.9  -29.9     29   0.80    122     17  333.8  336.8  333.9
  400.0   7600  -16.1  -31.1     26   0.72    125     18  334.0  336.7  334.1
  372.0   8142  -20.0  -50.4      5   0.10    120     19  335.9  336.3  335.9
  371.0   8162  -20.1  -51.1      4   0.09    120     19  335.9  336.3  335.9
  332.0   8973  -26.8  -36.3     40   0.52    125     10  337.6  339.6  337.7
  326.0   9106  -27.9  -33.9     56   0.67    106      8  337.8  340.4  338.0
  321.0   9217  -28.3  -38.8     36   0.42     90      7  338.8  340.5  338.9
  315.0   9352  -28.7  -44.7     20   0.23     75     10  340.0  341.0  340.1
  305.0   9583  -30.1  -46.1     20   0.20     72     14  341.2  342.1  341.3
  300.0   9700  -31.1  -44.1     27   0.26     70     16  341.4  342.5  341.5
  292.0   9887  -32.6  -45.2     27   0.23     65     15  341.9  342.9  341.9
  250.0  10960  -41.5  -51.5     33   0.13     85     23  344.2  344.8  344.3
  236.0  11343  -45.0  -54.6     33   0.10     95     28  344.7  345.1  344.7
  214.0  11993  -50.9  -59.9     33   0.06     95     35  345.3  345.5  345.3
  200.0  12430  -53.9  -71.9      9   0.01     95     39  347.2  347.3  347.2
  197.0  12525  -54.7  -72.0     10   0.01     95     40  347.5  347.5  347.5
  177.0  13197  -60.5  -73.1     18   0.01     75     33  348.8  348.9  348.8
  163.0  13714  -64.9  -73.9     28   0.01     75     33  349.7  349.7  349.7
  161.0  13789  -65.2  -74.8     25   0.01     75     33  350.5  350.5  350.5
  157.0  13943  -65.7  -76.7     20   0.01     81     27  352.1  352.1  352.1
  154.0  14060  -66.0  -76.6     22   0.01     85     22  353.5  353.5  353.5
  150.0  14220  -66.5  -76.5     23   0.01    105     15  355.3  355.4  355.3
  146.0  14380  -67.5  -77.2     24   0.01    130     16  356.3  356.3  356.3
  141.0  14586  -68.9  -78.1     25   0.01    140     12  357.5  357.5  357.5
  138.0  14713  -69.7  -78.7     26   0.01    165     10  358.2  358.3  358.2
  132.0  14976  -71.4  -79.9     27   0.01    245      1  359.7  359.8  359.8
  125.0  15299  -73.5  -81.3     30   0.00      0     10  361.6  361.6  361.6
  118.0  15640  -75.8  -82.9     32   0.00      5     16  363.5  363.5  363.5
  117.0  15690  -76.1  -83.1     33   0.00     20     20  363.8  363.8  363.8
  113.0  15892  -75.6  -84.0     26   0.00     50     23  368.3  368.3  368.3
  109.0  16101  -75.1  -85.0     20   0.00     60     32  373.1  373.1  373.1
  106.0  16262  -74.7  -85.7     17   0.00     66     27  376.8  376.8  376.8
  100.0  16600  -76.1  -86.1     20   0.00     80     18  380.4  380.5  380.4
   99.9  16606  -76.1  -86.1     20   0.00     80     18  380.6  380.6  380.6
   95.0  16896  -75.5  -86.5     16   0.00     75     20  387.3  387.3  387.3
   93.0  17019  -75.2  -86.7     15   0.00     45     20  390.2  390.2  390.2
   90.8  17157  -74.9  -86.9     14   0.00     52     24  393.5  393.5  393.5
   85.0  17535  -78.1  -88.1     19   0.00     70     34  394.5  394.5  394.5
   83.0  17673  -75.8  -88.4     12   0.00     85     30  401.8  401.9  401.8
   79.7  17908  -71.9  -88.9      6   0.00     73     21  414.6  414.6  414.6
   79.0  17959  -71.9  -89.0      6   0.00     70     19  415.6  415.7  415.6
   77.0  18110  -71.8  -89.4      6   0.00     55     24  418.8  418.8  418.8
   72.0  18504  -71.7  -90.3      5   0.00     95     28  427.1  427.1  427.1
   70.0  18670  -71.7  -90.7      4   0.00     95     23  430.7  430.7  430.7
   69.1  18747  -71.3  -90.3      5   0.00    102     23  433.1  433.1  433.1
   68.0  18842  -71.5  -90.5      4   0.00    110     23  434.6  434.6  434.6
   63.0  19294  -72.6  -91.6      4   0.00     95     30  441.8  441.8  441.8
   62.6  19332  -72.7  -91.7      4   0.00    100     29  442.4  442.4  442.4
   61.6  19427  -69.3  -92.3      2   0.00    111     26  452.0  452.0  452.0
   58.0  19789  -69.4  -92.4      2   0.00    155     15  459.7  459.7  459.7
   57.0  19893  -69.4  -92.4      2   0.00    150     11  461.9  462.0  461.9
   56.0  19999  -69.4  -92.4      2   0.00     95      5  464.2  464.2  464.2
   54.0  20217  -69.5  -92.5      2   0.00     65     10  469.0  469.0  469.0
   51.4  20513  -69.5  -92.5      2   0.00     95     17  475.5  475.5  475.5
   51.0  20560  -68.4  -92.7      2   0.00    100     18  479.2  479.2  479.2
   50.2  20656  -66.1  -93.1      1   0.00     92     22  486.8  486.8  486.8
   50.0  20680  -66.3  -93.3      1   0.00     90     23  486.8  486.8  486.8
   49.0  20802  -67.1  -93.1      1   0.00     85     25  487.8  487.8  487.8
   47.0  21059  -65.6  -93.0      1   0.00    100     26  497.2  497.2  497.2
   46.0  21191  -64.8  -92.9      1   0.00    115     17  502.1  502.1  502.1
   43.0  21607  -62.4  -92.7      1   0.00     80     18  517.9  517.9  517.9
   40.0  22052  -59.8  -92.4      1   0.00    160     14  535.2  535.3  535.2
   39.0  22208  -58.9  -92.3      1   0.00    215     10  541.5  541.5  541.5
   38.4  22304  -58.3  -92.3      1   0.00    239     10  545.3  545.3  545.3
   38.0  22369  -58.6  -92.2      1   0.00    255     10  546.1  546.1  546.1
   35.1  22865  -61.1  -91.1      1   0.00    279     10  552.2  552.2  552.2

