                                                       
  754.0   2546   13.0    8.5     74   9.32     70      3  310.2  339.0  311.9
  700.0   3171    8.2    6.1     87   8.51    115      4  311.5  338.1  313.1
  677.0   3447    5.8    5.3     97   8.32    117      5  311.8  337.8  313.4
  608.0   4324    2.2    0.3     87   6.48    123      7  317.4  338.3  318.7
  513.0   5687   -2.9   -8.9     63   3.82    134     10  327.0  340.1  327.8
  502.0   5858   -4.2  -11.1     59   3.28    135     10  327.4  338.8  328.1
  500.0   5890   -4.5  -11.5     58   3.19    130     11  327.5  338.5  328.1
  475.0   6290   -8.0  -14.0     62   2.74    135     11  328.1  337.6  328.6
  474.0   6306   -8.1  -14.1     62   2.73    134     11  328.1  337.6  328.6
  468.0   6404   -8.3  -19.3     41   1.78    130     11  329.0  335.4  329.4
  457.0   6588   -9.5  -17.5     52   2.13    121     12  329.8  337.4  330.2
  449.0   6723   -9.7  -21.7     37   1.51    114     13  331.2  336.7  331.5
  420.0   7230  -13.5  -24.9     38   1.21     90     15  332.7  337.2  332.9
  400.0   7600  -16.3  -27.3     38   1.02    110     16  333.7  337.6  333.9
  392.0   7752  -17.5  -29.5     34   0.85    112     15  334.1  337.3  334.2
  389.0   7810  -18.1  -27.1     45   1.07    112     15  334.0  338.1  334.2
  376.0   8063  -19.7  -30.7     37   0.79    115     14  335.2  338.2  335.3
  375.0   8083  -19.7  -36.7     21   0.44    115     14  335.4  337.2  335.5
  321.0   9218  -28.9  -35.9     51   0.56     98     22  337.9  340.1  338.1
  300.0   9700  -31.9  -41.9     36   0.32     90     25  340.3  341.6  340.4
  295.0   9818  -32.7  -44.8     29   0.24     80     24  340.8  341.8  340.8
  279.0  10208  -35.5  -54.5     13   0.08     85     27  342.2  342.6  342.3
  250.0  10960  -41.5  -56.5     18   0.07     95     32  344.2  344.6  344.2
  242.0  11180  -43.3  -58.3     18   0.06    100     34  344.8  345.1  344.8
  241.0  11207  -43.5  -58.5     17   0.06     99     34  344.9  345.1  344.9
  216.0  11925  -50.1  -59.2     33   0.06     85     33  345.6  345.9  345.6
  200.0  12430  -54.7  -59.7     54   0.06     95     32  346.0  346.3  346.0
  180.0  13096  -60.7  -63.4     70   0.04    100     38  346.8  347.0  346.8
  173.0  13342  -62.7  -67.6     52   0.02    102     40  347.4  347.5  347.4
  166.0  13595  -64.9  -66.7     78   0.03    104     42  347.9  348.0  347.9
  164.0  13669  -65.9  -67.9     76   0.03    104     43  347.4  347.5  347.4
  161.0  13781  -66.2  -68.5     72   0.02    105     44  348.8  348.9  348.8
  155.0  14011  -66.7  -69.9     64   0.02    118     35  351.7  351.8  351.7
  151.0  14170  -66.3  -79.3     15   0.00    128     29  355.0  355.0  355.0
  150.0  14210  -66.5  -79.5     15   0.00    130     27  355.3  355.4  355.3
  145.0  14415  -66.7  -76.7     23   0.01    148     17  358.4  358.5  358.4
  143.0  14497  -67.2  -77.0     24   0.01    155     13  358.9  359.0  358.9
  142.0  14538  -67.5  -77.2     24   0.01    160     10  359.2  359.2  359.2
  137.0  14749  -68.9  -78.1     25   0.01    220      5  360.4  360.5  360.4
  133.0  14923  -70.0  -78.8     27   0.01    275     10  361.5  361.5  361.5
  129.0  15103  -71.2  -79.6     28   0.01    305     16  362.5  362.6  362.5
  118.0  15627  -74.6  -81.8     33   0.00    315     17  365.6  365.6  365.6
  109.0  16094  -77.7  -83.7     38   0.00     20     20  368.2  368.2  368.2
  108.0  16147  -77.3  -84.0     33   0.00     40     24  370.0  370.0  370.0
  105.0  16309  -76.0  -85.1     23   0.00     55     18  375.5  375.5  375.5
  104.0  16364  -75.5  -85.5     20   0.00     53     17  377.4  377.4  377.4
  100.0  16590  -77.3  -85.3     27   0.00     45     14  378.1  378.1  378.1
   95.0  16888  -75.8  -86.2     18   0.00     60     26  386.6  386.6  386.6
   92.0  17074  -74.9  -86.7     15   0.00     40     27  392.0  392.0  392.0
   87.0  17398  -73.3  -87.7     10   0.00     65     38  401.6  401.6  401.6
   84.1  17594  -72.3  -88.3      7   0.00     87     27  407.4  407.5  407.4
   83.0  17672  -70.1  -88.5      5   0.00     95     23  413.5  413.5  413.5
   82.7  17694  -69.5  -88.5      5   0.00     93     22  415.1  415.1  415.1
   80.0  17892  -69.2  -89.0      4   0.00     75     17  419.7  419.7  419.7
   73.0  18439  -68.4  -90.5      3   0.00    115     21  432.5  432.5  432.5
   71.0  18605  -68.2  -91.0      3   0.00    120     17  436.5  436.5  436.5
   70.6  18639  -68.1  -91.1      2   0.00    118     16  437.3  437.3  437.3
   70.0  18690  -68.3  -91.3      2   0.00    115     14  437.9  437.9  437.9
   68.0  18861  -68.8  -91.5      3   0.00     85     13  440.4  440.4  440.4
   64.0  19219  -70.0  -91.8      3   0.00     85     24  445.6  445.7  445.6
   61.0  19503  -70.8  -92.0      3   0.00    110     13  449.8  449.8  449.8
   59.0  19699  -71.5  -92.2      3   0.00    150     12  452.8  452.8  452.8
   56.0  20008  -72.4  -92.5      4   0.00    160     16  457.3  457.4  457.3
   55.8  20029  -72.5  -92.5      4   0.00    159     15  457.7  457.7  457.7
   54.0  20223  -70.7  -92.7      3   0.00    145     10  466.2  466.2  466.2
   53.0  20334  -69.6  -92.9      2   0.00    100     10  471.2  471.2  471.2
   50.0  20680  -66.3  -93.3      1   0.00     95     15  486.8  486.8  486.8
   49.0  20803  -64.4  -92.7      1   0.00     90     18  494.1  494.1  494.1
   48.4  20879  -63.3  -92.3      1   0.00     74     16  498.5  498.5  498.5
   43.0  21612  -60.9  -92.3      1   0.00    285      1  521.5  521.5  521.5
   41.7  21803  -60.3  -92.3      1   0.00    274      5  527.6  527.6  527.6
   40.2  22031  -61.3  -91.3      1   0.00    262      9  530.7  530.7  530.7
   40.0  22062  -61.3  -91.3      1   0.00    260     10  531.5  531.5  531.5
   37.0  22549  -60.6  -91.2      1   0.00    295     22  545.1  545.2  545.1
   36.0  22720  -60.4  -91.2      1   0.00    305     20  550.0  550.0  550.0
   33.0  23264  -59.7  -91.0      1   0.00    270     11  565.7  565.8  565.7
   30.0  23860  -58.9  -90.9      1   0.00    230     10  583.5  583.5  583.5
   29.0  24073  -58.6  -91.1      1   0.00    175      2  590.0  590.0  590.0
   28.1  24270  -58.3  -91.3      1   0.00    190      6  596.2  596.2  596.2
   27.0  24524  -57.4  -91.0      1   0.00    210     11  605.6  605.6  605.6
   26.0  24765  -56.5  -90.8      1   0.00    255     13  614.6  614.6  614.6
   25.0  25014  -55.6  -90.5      1   0.00    300     12  624.1  624.1  624.1
   24.0  25274  -54.7  -90.2      1   0.00    250     10  634.1  634.1  634.1
   23.0  25545  -53.7  -89.9      0   0.01    260     11  644.7  644.8  644.7
   22.0  25828  -52.7  -89.6      0   0.01    340     10  656.0  656.0  656.0
   21.8  25886  -52.5  -89.5      0   0.01    358      9  658.3  658.4  658.3
   21.0  26126  -53.0  -89.2      1   0.01     70      5  663.8  663.9  663.8
   20.0  26440  -53.7  -88.7      1   0.01     85     10  671.0  671.1  671.0
   19.0  26769  -54.1  -89.1      1   0.01     80     25  679.6  679.7  679.6
   18.2  27045  -54.5  -89.5      1   0.01     80     26  686.9  687.0  686.9
   18.0  27116  -54.3  -89.4      1   0.01     80     26  689.8  689.9  689.8
   17.0  27485  -53.0  -89.1      1   0.01    100     18  705.1  705.2  705.1
   16.0  27877  -51.7  -88.7      0   0.01     90     30  721.7  721.9  721.7
   15.0  28294  -50.3  -88.3      0   0.01     95     28  739.8  740.0  739.8
   14.0  28742  -51.7  -88.5      0   0.01    100     64  749.9  750.0  749.9
   13.7  28882  -52.1  -88.6      1   0.01    100     64  753.1  753.2  753.1
   13.3  29075  -52.7  -88.7      1   0.01    101     59  757.5  757.6  757.5
   12.1  29695  -45.5  -84.5      0   0.03    105     43  803.6  803.9  803.6
  
