 1005.0     54   27.2   24.0     83  19.11    130      6  299.9  356.1  303.3
 1000.0    100   26.8   23.2     81  18.28    120      8  299.9  353.7  303.2
  978.0    297   25.3   22.2     83  17.60    110     14  300.4  352.2  303.6
  973.0    342   25.0   22.0     83  17.44    110     14  300.5  351.9  303.6
  945.0    599   23.6   18.6     73  14.49    110     16  301.6  344.6  304.2
  932.0    720   23.0   17.0     69  13.25    116     14  302.2  341.6  304.6
  925.0    786   22.6   16.6     69  13.01    120     13  302.4  341.1  304.8
  913.0    899   22.0   16.0     69  12.65    125     14  302.9  340.6  305.2
  866.0   1357   19.4   13.4     68  11.28    103     10  304.8  338.8  306.9
  850.0   1517   18.6   11.6     64  10.19     95      9  305.6  336.5  307.5
  835.0   1670   18.2   10.2     60   9.44    103      9  306.8  335.6  308.5
  794.0   2097   15.6    9.1     65   9.20    125      9  308.4  336.7  310.1
  749.0   2593   12.6    7.8     72   8.92    130     13  310.4  338.0  312.0
  740.0   2695   12.0    7.5     74   8.86    126     13  310.8  338.3  312.4
  700.0   3160   10.2    2.2     58   6.45    110     11  313.8  334.3  315.0
  699.0   3172   10.2    2.2     58   6.46    109     11  313.9  334.4  315.1
  617.0   4197    3.5   -1.5     70   5.60     65      7  317.6  335.7  318.6
  598.0   4453    1.8   -2.4     74   5.39     57      8  318.5  336.1  319.5
  568.0   4868    0.2   -9.8     47   3.22     43     11  321.3  332.2  321.9
  500.0   5880   -6.1   -9.2     79   3.83     10     16  325.5  338.6  326.3
  492.0   6006   -7.1  -10.1     79   3.63      6     15  325.8  338.2  326.5
  405.0   7495  -15.4  -20.2     66   1.90    315      2  333.7  340.6  334.1
  400.0   7590  -15.9  -20.9     65   1.82     45      3  334.2  340.9  334.6
  374.0   8083  -19.4  -25.6     58   1.28     95     11  336.0  340.8  336.3
  307.0   9531  -29.9  -39.5     39   0.41     85     15  340.9  342.6  341.0
  300.0   9700  -31.1  -41.1     37   0.35    105     16  341.4  342.9  341.5
  297.0   9769  -31.7  -41.8     36   0.33    110     15  341.6  343.0  341.7
  286.0  10030  -33.8  -44.3     34   0.26    100     18  342.3  343.4  342.4
  277.0  10251  -35.6  -46.4     32   0.21     85     19  342.9  343.8  342.9
  268.0  10480  -37.4  -48.6     30   0.17     85     17  343.4  344.2  343.4
  259.0  10716  -39.3  -50.9     28   0.14     80     21  344.0  344.6  344.0
  251.0  10932  -41.1  -53.0     26   0.11     80     22  344.5  345.0  344.5
  250.0  10960  -41.3  -53.3     26   0.11     80     21  344.5  345.0  344.6
  249.0  10987  -41.5  -53.5     26   0.11     80     21  344.6  345.1  344.6
  243.0  11149  -42.9  -54.6     27   0.10     80     21  344.9  345.4  344.9
  235.0  11371  -44.8  -56.0     27   0.08     80     20  345.3  345.7  345.4
  227.0  11601  -46.8  -57.5     28   0.07     75     21  345.7  346.1  345.7
  219.0  11838  -48.9  -59.1     29   0.06     70     22  346.1  346.4  346.1
  208.0  12180  -51.8  -61.4     31   0.05     55     27  346.6  346.8  346.6
  200.0  12440  -54.1  -63.1     32   0.04     50     29  346.9  347.1  346.9
  193.0  12666  -56.1  -64.5     34   0.03     50     29  347.3  347.4  347.3
  189.0  12799  -57.3  -65.3     35   0.03     54     29  347.4  347.6  347.4
  156.0  13987  -63.9  -71.9     33   0.01     95     32  355.7  355.8  355.7
  150.0  14230  -65.3  -73.3     32   0.01     95     31  357.4  357.5  357.4
  132.0  15000  -69.5  -77.5     30   0.01     77      8  363.2  363.2  363.2
  130.0  15090  -70.0  -77.9     31   0.01     75      5  363.8  363.9  363.8
  124.0  15367  -71.7  -79.1     33   0.01      0     12  365.8  365.8  365.8
  108.0  16176  -76.5  -82.5     38   0.00     30     27  371.4  371.4  371.4
  106.0  16284  -76.5  -82.5     38   0.00     32     27  373.4  373.4  373.4
  101.0  16563  -76.1  -83.1     33   0.00     39     29  379.4  379.4  379.4
  100.0  16620  -76.3  -83.3     32   0.00     40     29  380.1  380.1  380.1
   90.2  17214  -75.1  -82.1     33   0.01     71     31  393.8  393.8  393.8
   85.3  17537  -74.3  -81.3     33   0.01     88     32  401.8  401.8  401.8
   75.4  18260  -69.9  -81.9     16   0.01    124     34  425.4  425.4  425.4
   74.0  18371  -70.0  -82.3     15   0.01    130     34  427.4  427.4  427.4
   70.0  18700  -70.5  -83.5     13   0.01    125     20  433.2  433.3  433.2
   67.0  18959  -71.0  -84.3     12   0.00    105     12  437.6  437.6  437.6
   61.1  19504  -72.1  -86.1     11   0.00     71     16  446.8  446.9  446.8
   61.0  19514  -72.0  -86.1     11   0.00     70     16  447.2  447.2  447.2
   56.8  19937  -69.5  -85.5      8   0.00     70     30  462.1  462.2  462.1
   55.0  20128  -70.2  -86.2      8   0.00     70     36  464.9  464.9  464.9
   53.7  20271  -70.7  -86.7      8   0.00     76     34  466.9  466.9  466.9
   50.0  20700  -64.9  -83.9      6   0.01     95     28  490.1  490.2  490.1
   43.0  21641  -61.3  -82.7      4   0.01    115     20  520.6  520.7  520.6
   39.0  22251  -58.9  -82.0      4   0.01    110     38  541.3  541.4  541.3
   36.0  22751  -57.0  -81.4      3   0.01     80     23  558.8  558.9  558.8
   34.7  22980  -56.1  -81.1      3   0.02     96     25  567.0  567.2  567.0
   32.0  23493  -58.1  -83.1      3   0.01    130     30  574.9  575.0  574.9
   30.8  23734  -59.1  -84.1      3   0.01    130     28  578.6  578.7  578.6
   30.0  23900  -58.7  -84.7      2   0.01    130     27  584.0  584.1  584.0
   27.1  24542  -55.1  -83.1      2   0.01     82     18  611.3  611.5  611.3
   27.0  24566  -55.1  -83.1      2   0.01     80     18  612.0  612.1  612.0
   26.8  24613  -55.1  -83.1      2   0.02     79     17  613.3  613.4  613.3
   25.0  25055  -55.8  -82.9      2   0.02     70      9  623.5  623.7  623.5
   24.8  25106  -55.9  -82.9      2   0.02     71     12  624.7  624.9  624.7
   23.0  25587  -54.9  -82.2      2   0.02     80     35  641.4  641.6  641.4
   20.0  26480  -52.9  -80.9      2   0.03     75     40  673.5  673.8  673.5
   19.0  26813  -52.3  -79.8      2   0.04     75     53  685.4  685.7  685.4
   16.4  27766  -50.5  -76.5      3   0.07     89     64  720.6  721.3  720.6
 
