
 1008.0     14   25.4   25.1     98  20.40    280      2  297.9  357.4  301.5
 1002.0     71   26.6   24.4     88  19.65    336      2  299.6  357.3  303.1
 1000.0     90   26.6   24.5     88  19.82    355      2  299.8  358.0  303.3
  930.0    730   24.4   15.4     57  11.97    355      2  303.8  339.7  306.0
  925.0    777   24.2   15.2     57  11.88    355      2  304.1  339.7  306.2
  858.0   1433   21.0   10.0     49   9.06    204      6  307.3  335.1  309.0
  850.0   1514   20.2   11.2     56   9.92    185      7  307.3  337.6  309.1
  792.0   2120   16.0    7.0     55   7.99    175      9  309.1  333.8  310.6
  779.0   2261   14.4   11.8     84  11.28    172      9  308.8  343.4  310.9
  776.0   2293   14.2   11.6     84  11.18    172      9  308.9  343.2  311.0
  769.0   2370   15.0    3.0     44   6.21    171      9  310.6  330.2  311.8
  740.0   2694   13.2    3.0     50   6.46    165     10  312.1  332.5  313.3
  721.0   2913   12.0    3.0     54   6.63    174     10  313.1  334.1  314.3
  708.0   3065   10.4    6.6     77   8.71    181      9  312.9  340.2  314.6
  700.0   3160   10.2    5.2     71   7.98    185      9  313.8  338.9  315.3
  642.0   3872    6.6   -1.6     56   5.32    215     10  317.5  334.8  318.5
  612.0   4266    4.6   -5.4     48   4.20    183     10  319.6  333.5  320.4
  569.0   4855    0.4   -4.3     71   4.91    133     10  321.4  337.6  322.3
  559.0   4997    0.0  -11.0     43   2.97    121     10  322.5  332.7  323.1
  551.0   5112   -0.7   -6.7     64   4.22    111     10  323.0  337.2  323.9
  550.0   5126   -0.8   -6.8     64   4.21    110     10  323.1  337.2  323.9
  501.0   5864   -5.9   -9.5     76   3.73    115      4  325.6  338.3  326.3
  500.0   5880   -5.9   -9.7     75   3.68    115      4  325.8  338.4  326.5
  498.0   5911   -6.1  -10.1     73   3.58    114      4  325.9  338.2  326.6
  426.0   7121  -12.7  -23.7     39   1.33     58      5  332.4  337.3  332.6
  420.0   7229  -13.3  -19.3     61   1.99     52      5  332.9  340.1  333.3
  413.0   7357  -13.7  -20.7     56   1.79     46      5  334.0  340.6  334.4
  400.0   7600  -15.5  -20.5     66   1.88     35      5  334.8  341.6  335.1
  362.0   8347  -21.3  -24.7     74   1.43     22      5  336.7  342.1  337.0
  355.0   8491  -22.0  -27.6     61   1.13     20      5  337.6  341.9  337.8
  347.0   8659  -22.9  -30.9     48   0.84     56      9  338.6  341.9  338.8
  346.0   8680  -23.1  -31.1     48   0.83     60     10  338.7  341.9  338.8
  330.0   9025  -25.9  -33.9     47   0.66     85     10  339.4  342.0  339.5
  325.0   9136  -26.5  -35.5     42   0.57     93     10  340.1  342.3  340.2
  318.0   9292  -27.8  -37.0     41   0.50    105     10  340.4  342.5  340.5
  300.0   9710  -31.1  -41.1     37   0.35     85     13  341.4  342.9  341.5
  284.0  10095  -34.3  -46.3     29   0.21     80     16  342.2  343.1  342.3
  272.0  10394  -36.9  -46.9     35   0.21     75     19  342.7  343.6  342.8
  271.0  10419  -37.1  -47.3     34   0.20     75     19  342.8  343.6  342.8
  260.0  10702  -39.4  -51.5     26   0.13    100     21  343.5  344.1  343.6
  250.0  10970  -41.5  -55.5     20   0.08     95     22  344.2  344.6  344.2
  235.0  11387  -44.6  -60.1     16   0.05    105     22  345.7  345.9  345.7
  230.0  11532  -45.7  -61.7     15   0.04     95     22  346.1  346.3  346.1
  223.0  11735  -47.5  -61.5     18   0.04     80     25  346.5  346.7  346.5
  200.0  12450  -53.7  -60.7     42   0.05     70     36  347.6  347.8  347.6
  192.0  12710  -56.3  -62.3     47   0.05     67     40  347.5  347.7  347.5
  188.0  12843  -56.9  -73.9     10   0.01     66     42  348.6  348.7  348.6
  183.0  13012  -58.1  -63.1     53   0.04     65     45  349.4  349.6  349.4
  176.0  13255  -60.1  -73.1     17   0.01     62     49  350.0  350.0  350.0
  170.0  13467  -61.8  -73.3     20   0.01     60     52  350.7  350.7  350.7
  152.0  14149  -67.2  -73.8     39   0.01     75     39  352.7  352.8  352.7
  150.0  14230  -67.9  -73.9     42   0.01     80     34  352.9  353.0  352.9
  148.0  14311  -66.3  -75.3     27   0.01     90     31  357.1  357.1  357.1
  144.0  14477  -66.9  -80.9     12   0.00    110     26  358.8  358.8  358.8
  138.0  14728  -68.9  -81.0     16   0.00    120     22  359.7  359.7  359.7
  123.0  15408  -74.3  -81.1     34   0.00     75     11  361.8  361.8  361.8
  121.0  15505  -75.1  -81.2     39   0.00     65     10  362.1  362.1  362.1
  118.0  15654  -76.3  -81.2     46   0.00     35     11  362.5  362.5  362.5
  113.0  15903  -77.5  -83.5     38   0.00     50     20  364.8  364.8  364.8
  108.0  16165  -76.2  -84.8     25   0.00     70     30  372.0  372.1  372.0
  100.0  16610  -73.9  -86.9     12   0.00     55      9  384.7  384.7  384.7
   97.0  16787  -74.3  -87.0     13   0.00     60     13  387.3  387.3  387.3
   89.0  17286  -75.4  -87.4     14   0.00     85     27  394.8  394.8  394.8
   87.0  17418  -75.7  -87.5     14   0.00     85     21  396.8  396.8  396.8
   85.0  17553  -76.0  -87.6     15   0.00     60     15  398.8  398.9  398.8
   83.0  17691  -76.2  -87.7     15   0.00     50     17  400.9  401.0  400.9
   79.0  17978  -76.9  -87.9     16   0.00     50     22  405.4  405.4  405.4
   78.8  17993  -76.9  -87.9     16   0.00     53     22  405.6  405.6  405.6
   78.0  18052  -76.6  -88.1     15   0.00     65     22  407.4  407.4  407.4
   76.0  18203  -75.9  -88.5     13   0.00     80     29  411.9  411.9  411.9
   71.0  18598  -74.1  -89.5      8   0.00    105     43  423.9  423.9  423.9
   70.0  18680  -73.7  -89.7      7   0.00    110     41  426.4  426.4  426.4
   69.6  18713  -73.3  -89.3      7   0.00    107     39  427.9  428.0  427.9
   67.0  18935  -74.2  -89.8      8   0.00     85     29  430.6  430.6  430.6
   65.0  19111  -75.0  -90.1      8   0.00     75     33  432.8  432.8  432.8
   64.1  19192  -75.3  -90.3      8   0.00     79     37  433.7  433.8  433.7
   63.0  19295  -74.2  -90.5      7   0.00     85     43  438.3  438.4  438.3
   60.0  19583  -71.1  -91.2      4   0.00    125     28  451.5  451.5  451.5
   57.0  19886  -67.8  -92.0      2   0.00    105     14  465.6  465.6  465.6
   56.4  19948  -67.1  -92.1      2   0.00     96     18  468.5  468.6  468.5
   56.0  19991  -67.3  -92.1      2   0.00     90     20  469.0  469.0  469.0
   52.0  20435  -69.7  -91.9      3   0.00     90     37  473.6  473.6  473.6
   51.6  20481  -69.9  -91.9      3   0.00     95     36  474.1  474.1  474.1
   50.0  20670  -66.3  -92.3      2   0.00    115     31  486.8  486.8  486.8
   48.0  20921  -63.4  -92.0      1   0.00    100     34  499.4  499.4  499.4
   46.2  21155  -60.7  -91.7      1   0.00    113     27  511.4  511.4  511.4
   46.0  21182  -60.7  -91.7      1   0.00    115     26  512.0  512.1  512.0
   43.0  21601  -60.8  -91.5      1   0.00     80     15  521.7  521.8  521.7
   40.0  22050  -60.9  -91.3      1   0.00    130     10  532.3  532.3  532.3
   39.0  22208  -61.0  -91.3      1   0.00    115      7  536.1  536.1  536.1
   38.0  22369  -61.0  -91.2      1   0.00     85     10  540.0  540.0  540.0
   36.4  22636  -61.1  -91.1      1   0.00     69     17  546.5  546.5  546.5
  
