
 1009.0     14   25.0   24.5     97  19.63    170      4  297.4  354.5  300.9
 1000.0     97   24.6   23.7     95  18.86    200      8  297.8  352.7  301.1
  998.0    115   24.5   23.6     95  18.81    200     10  297.8  352.6  301.2
  955.0    501   22.3   22.0     98  17.73    190     13  299.3  351.3  302.5
  946.0    584   21.8   21.6     99  17.51    177     13  299.7  351.0  302.8
  935.0    686   22.6   20.6     88  16.63    162     12  301.5  350.7  304.5
  927.0    761   22.4   20.0     86  16.11    150     12  302.1  349.8  305.0
  925.0    780   22.4   19.8     85  15.98    145     13  302.2  349.6  305.1
  900.0   1018   21.5   18.1     81  14.71    140     11  303.6  347.6  306.3
  852.0   1494   19.6   14.6     73  12.41    183      9  306.5  344.0  308.7
  850.0   1514   19.4   15.4     78  13.11    185      9  306.4  346.1  308.9
  848.0   1534   19.3   15.2     77  13.01    190     10  306.5  345.9  308.9
  839.0   1625   18.8   14.5     76  12.52    175     10  306.9  344.9  309.2
  775.0   2304   15.0    9.0     67   9.38    165     10  309.9  338.9  311.7
  718.0   2947   11.2    7.4     77   9.09    155     10  312.6  341.1  314.3
  709.0   3053   10.6    7.2     79   9.04    170     11  313.1  341.4  314.8
  700.0   3160   10.0    6.9     81   8.99    155     10  313.5  341.8  315.2
  692.0   3254    9.4    6.5     82   8.82    145     12  313.9  341.7  315.6
  678.0   3422    8.4    5.7     83   8.51    160     12  314.6  341.5  316.2
  670.0   3519    7.8    5.2     84   8.34    145     14  315.0  341.4  316.6
  659.0   3655    7.0    4.5     84   8.10    160     11  315.6  341.3  317.1
  626.0   4077    4.4    2.5     88   7.39    145     18  317.3  341.0  318.7
  588.0   4590    1.3    0.1     92   6.59    155     21  319.4  340.8  320.6
  578.0   4731    0.4   -0.6     93   6.38    156     20  319.9  340.7  321.2
  556.0   5043   -0.9   -2.2     91   5.89    159     18  322.0  341.4  323.1
  550.0   5130   -0.4   -3.5     80   5.42    160     17  323.6  341.6  324.7
  546.0   5189    0.0   -4.3     73   5.12    154     17  324.7  341.9  325.7
  537.0   5322   -0.8   -6.1     68   4.54    140     18  325.2  340.6  326.1
  530.0   5427   -1.5   -7.5     64   4.13    143     17  325.7  339.7  326.5
  511.0   5717   -3.4   -8.6     67   3.92    150     16  326.8  340.2  327.6
  500.0   5890   -4.5   -9.3     69   3.80    145     15  327.5  340.5  328.2
  478.0   6242   -7.3   -9.4     85   3.95    133     14  328.3  341.8  329.1
  464.0   6473   -8.4  -14.3     63   2.75    125     13  329.6  339.3  330.2
  456.0   6608   -9.1  -17.1     52   2.21    132     15  330.5  338.4  330.9
  446.0   6779   -9.7  -14.7     67   2.76    141     17  331.8  341.6  332.4
  442.0   6849  -10.2  -17.2     57   2.25    145     18  332.0  340.1  332.4
  440.0   6884  -10.5  -18.5     52   2.03    145     18  332.1  339.4  332.5
  436.0   6954  -10.7  -31.7     16   0.62    144     18  332.7  335.1  332.8
  429.0   7078  -11.7  -37.7     10   0.35    142     18  333.0  334.4  333.0
  427.0   7113  -12.1  -20.1     51   1.83    142     18  332.9  339.6  333.3
  425.0   7149  -12.1  -29.1     23   0.82    141     18  333.4  336.5  333.5
  423.0   7185  -12.3  -23.3     39   1.39    141     18  333.5  338.7  333.8
  420.0   7240  -12.5  -27.5     27   0.96    140     18  334.0  337.6  334.2
  414.0   7349  -13.5  -16.6     77   2.54    138     18  334.1  343.2  334.6
  407.0   7479  -13.9  -26.9     32   1.04    137     18  335.2  339.1  335.4
  404.0   7535  -14.3  -18.6     70   2.19    136     18  335.4  343.3  335.8
  400.0   7610  -14.9  -19.4     69   2.07    135     18  335.5  343.1  336.0
  389.0   7820  -16.7  -19.0     82   2.20    128     16  335.9  343.9  336.3
  361.0   8376  -19.9  -25.3     62   1.36    110     12  338.8  344.0  339.1
  356.0   8480  -20.5  -26.5     59   1.24    113     12  339.4  344.1  339.6
  343.0   8753  -22.9  -25.6     79   1.40    121     13  339.7  345.0  340.0
  330.0   9034  -24.4  -29.6     62   1.00    130     14  341.4  345.3  341.6
  326.0   9123  -24.9  -30.9     57   0.90    124     14  342.0  345.5  342.1
  320.0   9257  -26.0  -31.8     58   0.84    115     15  342.2  345.5  342.4
  300.0   9720  -29.9  -34.9     62   0.66    125     13  343.1  345.8  343.3
  266.0  10569  -36.1  -44.7     41   0.27    105      1  346.0  347.2  346.1
  262.0  10676  -36.9  -45.9     39   0.24    100      1  346.4  347.4  346.4
  250.0  11000  -39.9  -46.9     47   0.22     85      3  346.6  347.6  346.7
  245.0  11137  -41.1  -48.1     47   0.20     79      5  346.8  347.7  346.9
  232.0  11505  -43.9  -56.9     22   0.08     64      9  348.0  348.4  348.0
  229.0  11590  -44.7  -57.6     22   0.07     60     10  348.1  348.4  348.1
  209.0  12191  -50.2  -62.5     22   0.04     70     13  348.6  348.8  348.7
  200.0  12480  -52.9  -64.9     22   0.03     60     19  348.8  349.0  348.8
  198.0  12545  -53.5  -65.5     22   0.03     60     19  348.9  349.0  348.9
  196.0  12610  -54.1  -58.6     58   0.07     59     19  348.9  349.3  349.0
  185.0  12978  -56.7  -65.7     31   0.03     57     21  350.5  350.7  350.6
  174.0  13361  -60.3  -65.1     53   0.03     55     22  350.8  351.0  350.8
  167.0  13618  -62.7  -64.7     77   0.04     61     22  350.9  351.1  350.9
  150.0  14270  -68.3  -74.3     42   0.01     75     23  352.2  352.3  352.2
  148.0  14350  -68.9  -75.9     36   0.01     76     24  352.6  352.6  352.6
  143.0  14554  -70.9  -76.8     41   0.01     80     25  352.6  352.6  352.6
  138.0  14765  -72.9  -77.7     48   0.01     73     26  352.6  352.7  352.6
  132.0  15024  -74.4  -80.0     42   0.01     65     28  354.4  354.4  354.4
  128.0  15203  -75.5  -81.5     39   0.00     72     28  355.6  355.6  355.6
  123.0  15433  -76.6  -84.0     30   0.00     80     28  357.6  357.6  357.6
  121.0  15528  -77.1  -85.1     27   0.00     74     29  358.4  358.5  358.4
  115.0  15818  -78.5  -84.4     38   0.00     55     32  361.0  361.0  361.0
  112.0  15969  -79.3  -84.0     46   0.00     60     35  362.3  362.4  362.3
  107.0  16231  -77.5  -84.7     31   0.00     70     37  370.6  370.6  370.6
  100.0  16620  -74.7  -85.7     17   0.00    100     30  383.1  383.2  383.1
   96.0  16859  -72.5  -87.2      9   0.00    100     10  392.0  392.0  392.0
   94.0  16982  -71.3  -88.0      7   0.00      0      0  396.6  396.6  396.6
   93.6  17007  -71.1  -88.1      7   0.00    348      1  397.5  397.6  397.5
   91.0  17171  -72.1  -88.0      8   0.00    265     10  398.7  398.7  398.7
   88.0  17366  -73.4  -87.8     10   0.00    260     18  400.1  400.1  400.1
   81.0  17848  -76.4  -87.5     16   0.00    315     15  403.4  403.4  403.4
   80.8  17863  -76.5  -87.5     16   0.00    325     15  403.5  403.5  403.5
   78.0  18065  -76.5  -88.5     14   0.00      5     11  407.6  407.6  407.6
   75.4  18260  -76.5  -89.5     11   0.00     32     18  411.6  411.6  411.6
   70.0  18690  -73.5  -90.5      6   0.00     90     34  426.8  426.8  426.8
   63.1  19304  -68.7  -91.7      2   0.00    110     31  450.2  450.2  450.2
   63.0  19313  -68.8  -91.7      2   0.00    110     31  450.3  450.3  450.3
   57.5  19856  -71.5  -91.5      4   0.00     98     45  456.0  456.0  456.0
   56.0  20014  -69.8  -91.8      3   0.00     95     49  463.4  463.4  463.4
   54.0  20231  -67.4  -92.3      2   0.00    100     38  473.7  473.7  473.7
   53.9  20242  -67.3  -92.3      2   0.00                474.2  474.2  474.2

