                                                           
  884.0   1189   19.0   19.0    100  15.91    200      3  302.6  349.9  305.5
  850.0   1521   17.2   16.9     98  14.46    145      4  304.1  347.4  306.8
  762.0   2451   12.8   12.8    100  12.34    142      6  309.0  346.8  311.3
  712.0   3022   11.0    8.4     84   9.81    140      8  313.1  343.8  315.0
  700.0   3164   11.2    6.9     75   8.99    140      8  314.9  343.2  316.6
  698.0   3188   11.0    6.5     74   8.77    140      8  314.9  342.6  316.6
  679.0   3416    9.4    5.5     77   8.43    145     10  315.6  342.3  317.2
  660.0   3650    7.7    4.5     81   8.09    165     12  316.2  342.0  317.8
  642.0   3879    6.0    3.6     84   7.76    170     10  316.9  341.7  318.4
  616.0   4220    3.6    2.1     90   7.30    140      5  317.8  341.3  319.2
  612.0   4274    3.2    1.9     91   7.23    129      7  318.0  341.2  319.4
  607.0   4340    2.8    1.6     91   7.11    115     10  318.3  341.2  319.6
  596.0   4487    1.9    0.8     92   6.84    105     21  318.9  341.0  320.2
  570.0   4847   -0.2   -1.1     94   6.23    125     22  320.5  340.8  321.7
  553.0   5091   -1.7   -2.4     95   5.84    134     20  321.5  340.7  322.6
  551.0   5120   -1.8   -2.6     94   5.75    135     20  321.7  340.6  322.8
  522.0   5549   -3.8   -6.3     83   4.60    120     16  324.4  339.8  325.3
  504.0   5827   -5.0   -8.7     76   3.97    130     16  326.1  339.6  326.9
  500.0   5890   -5.3   -9.2     74   3.83    130     16  326.5  339.6  327.3
  484.0   6145   -6.9  -12.9     62   2.94    121     18  327.6  337.8  328.2
  458.0   6574   -9.6  -12.1     82   3.32    105     22  329.4  341.0  330.1
  455.0   6625   -9.9  -12.0     85   3.37    106     21  329.7  341.4  330.3
  442.0   6849  -11.3  -14.0     80   2.95    109     19  330.6  341.0  331.2
  439.0   6901  -11.5  -15.3     73   2.67    110     19  331.0  340.5  331.6
  400.0   7610  -15.1  -26.1     39   1.14    120     11  335.3  339.6  335.5
  393.0   7742  -16.0  -27.8     35   1.00    125     10  335.8  339.6  336.0
  383.0   7936  -17.3  -30.3     31   0.81    102     12  336.6  339.7  336.7
  376.0   8073  -18.1  -28.1     41   1.01     85     13  337.3  341.2  337.5
  334.0   8941  -25.9  -27.6     86   1.19     90     20  338.2  342.8  338.5
  325.0   9138  -26.7  -32.7     57   0.75     70     19  339.8  342.7  339.9
  323.0   9183  -26.9  -33.9     52   0.68     71     19  340.1  342.8  340.2
  305.0   9593  -29.3  -37.3     46   0.51     79     18  342.4  344.4  342.4
  302.0   9663  -29.9  -39.4     39   0.42     80     18  342.5  344.2  342.6
  301.0   9686  -30.1  -40.1     37   0.39     80     19  342.5  344.1  342.6
  300.0   9710  -30.3  -40.3     37   0.38     80     19  342.6  344.1  342.6
  284.0  10097  -33.3  -40.3     49   0.40     58     20  343.7  345.3  343.8
  282.0  10147  -33.7  -40.7     49   0.39     55     20  343.8  345.4  343.9
  259.0  10738  -38.5  -45.5     48   0.25     55     28  345.2  346.3  345.2
  253.0  10899  -39.5  -51.5     27   0.13     55     30  346.0  346.6  346.1
  250.0  10980  -40.3  -50.3     33   0.15     55     31  346.0  346.7  346.1
  238.0  11313  -43.3  -50.3     46   0.16     55     32  346.4  347.1  346.4
  228.0  11601  -45.5  -59.5     19   0.06     55     33  347.3  347.6  347.3
  226.0  11660  -46.1  -55.1     35   0.10     55     34  347.3  347.7  347.3
  225.0  11689  -46.3  -63.3     13   0.03     55     34  347.4  347.6  347.4
  206.0  12269  -51.5  -59.5     38   0.06     55     36  348.1  348.4  348.1
  201.0  12428  -52.9  -61.9     33   0.05     55     37  348.3  348.6  348.4
  200.0  12460  -53.1  -61.1     37   0.05     55     37  348.5  348.8  348.5
  188.0  12855  -55.7  -67.4     22   0.02     50     46  350.6  350.7  350.6
  187.0  12890  -55.9  -67.9     21   0.02     50     46  350.8  350.9  350.8
  172.0  13414  -60.9  -67.9     39   0.02     54     45  351.0  351.1  351.0
  163.0  13746  -63.3  -75.3     18   0.01     56     45  352.4  352.4  352.4
  150.0  14250  -68.1  -75.1     36   0.01     60     44  352.6  352.6  352.6
  142.0  14578  -71.3  -74.8     60   0.01     62     42  352.6  352.6  352.6
  125.0  15322  -75.5  -81.2     41   0.00     65     36  358.1  358.1  358.1
  116.0  15757  -77.9  -84.9     32   0.00     80     38  361.3  361.3  361.3
  106.0  16275  -77.9  -87.6     20   0.00     90     41  370.7  370.8  370.8
  105.0  16329  -77.9  -87.9     19   0.00     95     43  371.8  371.8  371.8
  102.0  16496  -77.0  -87.5     17   0.00    110     48  376.7  376.7  376.7
  100.0  16610  -76.3  -87.3     16   0.00    115     45  380.1  380.1  380.1
   95.3  16891  -71.3  -87.3      8   0.00    104     31  395.1  395.1  395.1
   88.0  17356  -72.6  -88.1      8   0.00     85      9  401.6  401.6  401.6
   83.0  17697  -73.5  -88.6      9   0.00     25     16  406.4  406.4  406.4
   80.0  17912  -74.2  -89.0      9   0.00     15     19  409.5  409.5  409.5
   76.0  18211  -75.0  -89.5      9   0.00     35     17  413.8  413.8  413.8
   72.0  18527  -75.9  -90.0      9   0.00     35     28  418.4  418.4  418.4
   71.0  18608  -76.1  -90.1     10   0.00     45     29  419.6  419.6  419.6
   70.0  18690  -75.7  -89.7     10   0.00     55     30  422.1  422.1  422.1
   65.0  19125  -68.7  -92.4      2   0.00    105     37  446.6  446.6  446.6
   64.9  19134  -68.5  -92.5      2   0.00    105     37  447.1  447.1  447.1
   63.0  19312  -68.4  -92.1      2   0.00    105     38  451.0  451.0  451.0
   59.6  19644  -68.3  -91.3      2   0.00     85     41  458.5  458.5  458.5
   58.3  19776  -69.3  -92.3      2   0.00     77     42  459.2  459.2  459.2
   58.0  19807  -69.0  -92.3      2   0.00     75     42  460.6  460.6  460.6
   52.2  20445  -62.3  -92.3      1   0.00    162      3  490.2  490.2  490.2
   52.0  20469  -62.4  -92.2      1   0.00    165      2  490.6  490.6  490.6
   50.0  20710  -63.1  -91.1      1   0.00    120      7  494.4  494.4  494.4
   49.0  20834  -63.5  -91.5      1   0.00    105     10  496.3  496.4  496.3
   47.9  20972  -63.9  -91.9      1   0.00     91     18  498.6  498.6  498.6
   47.0  21089  -61.9  -92.3      1   0.00     80     24  506.1  506.1  506.1
   46.4  21168  -60.5  -92.5      1   0.00     86     20  511.3  511.3  511.3
   45.0  21359  -59.8  -91.8      1   0.00    100     12  517.4  517.4  517.4
   44.0  21499  -59.4  -91.3      1   0.00     25     10  521.9  521.9  521.9
   42.3  21745  -58.5  -90.5      1   0.00    335     10  529.9  529.9  529.9
   41.0  21939  -60.2  -90.9      1   0.00    295     10  530.5  530.5  530.5
   40.3  22047  -61.1  -91.1      1   0.00    295     10  530.8  530.8  530.8
   40.0  22093  -60.9  -91.1      1   0.00    295     10  532.4  532.4  532.4
   36.0  22750  -58.1  -91.1      1   0.00    337      4  555.9  556.0  555.9
   34.0  23107  -58.5  -91.2      1   0.00      0      0  563.9  564.0  563.9
   31.0  23685  -59.2  -91.4      1   0.00    160     10  577.1  577.1  577.1
   30.0  23890  -59.5  -91.5      1   0.00    145     17  581.9  581.9  581.9
   29.4  24016  -59.7  -90.7      1   0.00    145     21  584.7  584.7  584.7

