                                                              
  754.0   2546   12.0    9.9     87  10.26      0      0  309.1  340.6  311.0
  706.0   3099    9.5    7.5     87   9.30    135     10  312.2  341.2  314.0
  700.0   3171    9.2    7.2     87   9.18    135     10  312.6  341.3  314.4
  668.0   3558    6.1    5.8     98   8.75    105     12  313.4  340.8  315.0
  663.0   3620    5.6    5.6    100   8.68    109     12  313.5  340.7  315.1
  642.0   3883    4.2    4.2    100   8.10    125     14  314.7  340.4  316.3
  633.0   3999    3.5    3.5    100   7.85    105     17  315.3  340.2  316.8
  620.0   4168    2.6    2.6    100   7.50    110     24  316.1  340.0  317.5
  604.0   4381    2.0   -1.4     78   5.75    109     23  317.8  336.4  318.9
  592.0   4543    2.8   -2.2     70   5.53    108     22  320.5  338.7  321.6
  565.0   4920    0.0   -4.6     71   4.84    105     19  321.6  337.6  322.5
  563.0   4949   -0.2   -4.7     72   4.81    105     19  321.6  337.6  322.6
  528.0   5459   -3.9   -6.8     80   4.38     75     10  323.1  337.8  324.0
  512.0   5704   -5.7   -7.8     85   4.18     83     13  323.8  337.9  324.6
  503.0   5843   -5.9  -13.9     53   2.61     88     14  325.2  334.3  325.7
  500.0   5890   -6.1  -14.1     53   2.58     90     15  325.5  334.5  326.1
  496.0   5953   -6.3  -15.4     49   2.34     90     15  326.0  334.2  326.5
  489.0   6063   -6.7  -17.7     41   1.96    100     17  326.9  333.8  327.3
  478.0   6239   -8.1  -14.5     60   2.61    115     20  327.3  336.4  327.8
  470.0   6370   -9.1  -12.2     78   3.21    112     21  327.6  338.7  328.3
  466.0   6436   -8.9  -18.9     44   1.85    111     22  328.7  335.3  329.0
  458.0   6569  -10.1  -13.7     75   2.91    108     23  328.8  339.0  329.4
  453.0   6654  -10.7  -14.9     71   2.67    107     24  329.1  338.5  329.6
  451.0   6687  -10.5  -21.5     40   1.53    106     24  329.8  335.3  330.1
  438.0   6911  -11.3  -27.3     25   0.94    101     26  331.5  335.0  331.7
  434.0   6981  -11.7  -26.1     29   1.05    100     27  331.9  335.9  332.1
  420.0   7231  -12.9  -21.9     47   1.59    104     25  333.4  339.3  333.8
  415.0   7322  -13.1  -22.1     47   1.58    105     24  334.3  340.2  334.7
  400.0   7600  -15.1  -26.1     39   1.14    110     22  335.3  339.6  335.5
  385.0   7886  -17.5  -29.6     34   0.86    110     20  335.8  339.1  336.0
  374.0   8104  -19.3  -32.3     31   0.68    110     24  336.2  338.9  336.4
  357.0   8447  -22.3  -30.3     48   0.87    110     30  336.7  340.0  336.9
  345.0   8697  -24.1  -41.0     19   0.31    110     34  337.6  338.8  337.6
  337.0   8868  -25.3  -48.3     10   0.14    104     32  338.2  338.8  338.2
  304.0   9606  -31.3  -34.0     77   0.72     80     25  339.9  342.7  340.0
  303.0   9630  -31.5  -33.5     82   0.75     75     25  339.9  342.8  340.1
  302.0   9653  -31.2  -35.9     63   0.59     70     24  340.6  343.0  340.7
  300.0   9700  -30.7  -40.7     37   0.37     60     24  342.0  343.5  342.1
  299.0   9724  -30.7  -41.7     33   0.33     59     25  342.3  343.7  342.4
  296.0   9795  -31.2  -42.5     32   0.31     55     27  342.6  343.9  342.7
  275.0  10313  -34.7  -48.7     23   0.17     53     32  344.8  345.5  344.9
  252.0  10916  -40.1  -45.1     59   0.27     50     38  345.5  346.7  345.6
  250.0  10970  -40.5  -50.5     33   0.15     50     39  345.7  346.4  345.8
  224.0  11709  -47.3  -53.3     50   0.12     52     41  346.3  346.8  346.3
  221.0  11798  -47.7  -57.7     31   0.07     53     42  347.0  347.4  347.0
  202.0  12386  -53.1  -61.1     37   0.05     55     44  347.5  347.8  347.5
  200.0  12450  -53.5  -60.5     42   0.06     55     44  347.9  348.1  347.9
  189.0  12810  -56.7  -60.9     59   0.06     57     46  348.4  348.7  348.4
  187.0  12878  -57.3  -65.3     35   0.03     57     47  348.5  348.6  348.5
  182.0  13048  -58.7  -65.7     40   0.03     58     48  348.9  349.1  348.9
  168.0  13544  -63.3  -65.1     79   0.04     60     51  349.3  349.5  349.4
  155.0  14033  -67.3  -71.9     52   0.01     64     48  350.7  350.7  350.7
  150.0  14230  -68.7  -70.6     76   0.02     65     47  351.6  351.6  351.6
  139.0  14684  -71.1  -80.1     25   0.00     60     45  355.1  355.1  355.1
  130.0  15078  -73.0  -83.7     19   0.00     55     43  358.4  358.4  358.4
  128.0  15169  -73.5  -84.5     17   0.00     65     42  359.2  359.2  359.2
  124.0  15354  -74.1  -83.2     24   0.00     85     39  361.4  361.4  361.4
  118.0  15643  -75.1  -81.1     39   0.00     96     41  364.7  364.7  364.7
  115.0  15792  -75.1  -87.1     14   0.00    102     42  367.4  367.4  367.4
  111.0  15997  -76.3  -86.3     19   0.00    110     43  368.9  368.9  368.9
  104.0  16373  -75.8  -87.5     15   0.00     90     48  376.8  376.8  376.8
  103.0  16429  -75.7  -87.7     14   0.00     92     46  378.0  378.0  378.0
  100.0  16600  -76.1  -87.1     16   0.00    100     39  380.4  380.5  380.4
   97.0  16779  -73.1  -87.9      9   0.00     95     29  389.7  389.7  389.7
   93.0  17028  -68.8  -88.9      4   0.00     65     12  402.7  402.7  402.7
   92.3  17072  -68.1  -89.1      4   0.00     59     12  405.1  405.1  405.1
   92.1  17085  -68.1  -89.1      4   0.00     57     12  405.3  405.3  405.3
   89.0  17286  -69.5  -89.3      4   0.00     30     13  406.5  406.5  406.5
   82.0  17766  -72.9  -89.7      6   0.00     55      6  409.3  409.3  409.3
   75.0  18289  -76.5  -90.1     10   0.00     50      9  412.2  412.2  412.2
   72.0  18528  -78.2  -90.3     13   0.00     80     18  413.5  413.5  413.5
   71.8  18544  -78.3  -90.3     13   0.00     80     21  413.5  413.6  413.5
   70.0  18690  -76.5  -90.5      9   0.00     80     29  420.4  420.4  420.4
   68.0  18861  -74.0  -91.0      6   0.00     90     35  429.2  429.3  429.2
   64.0  19219  -68.8  -92.1      2   0.00     85     28  448.1  448.1  448.1
   62.0  19406  -66.1  -92.6      1   0.00     65     27  458.2  458.2  458.2
   61.7  19435  -65.7  -92.7      1   0.00     65     27  459.8  459.8  459.8
   58.3  19780  -64.3  -92.3      1   0.00     70     24  470.4  470.4  470.4
   58.0  19811  -64.4  -92.3      1   0.00     70     24  470.9  470.9  470.9
   56.0  20024  -65.1  -92.2      1   0.00    100     10  474.0  474.0  474.0
   54.0  20244  -65.9  -92.2      1   0.00    130      5  477.2  477.2  477.2
   51.0  20591  -67.1  -92.1      2   0.00     95     10  482.3  482.3  482.3
   50.9  20602  -67.1  -92.1      2   0.00     96     10  482.5  482.5  482.5
   50.0  20710  -66.5  -92.5      2   0.00    105     13  486.4  486.4  486.4
   49.0  20832  -66.2  -93.0      1   0.00    110     15  490.0  490.0  490.0
   48.8  20857  -66.1  -93.1      1   0.00    107     16  490.7  490.7  490.7
   48.0  20959  -63.3  -92.2      1   0.00     95     18  499.7  499.7  499.7
   46.4  21169  -57.5  -90.5      1   0.00    171      8  518.5  518.5  518.5
   46.0  21223  -57.7  -90.5      1   0.00    190      5  519.3  519.4  519.3
   44.0  21501  -58.6  -90.8      1   0.00    270     10  523.6  523.6  523.6
   43.0  21645  -59.1  -91.0      1   0.00    280     17  525.9  525.9  525.9
   38.2  22384  -61.7  -91.7      1   0.00    310     14  537.4  537.5  537.4
   37.0  22583  -61.0  -91.6      1   0.00    310     11  544.3  544.3  544.3
   35.0  22929  -59.6  -91.4      1   0.00    240      2  556.4  556.4  556.4
   34.5  23019  -59.3  -91.3      1   0.00    234      3  559.6  559.6  559.6
   30.0  23890  -60.9  -90.9      1   0.00    175      9  578.0  578.1  578.0
   29.3  24036  -61.7  -91.7      1   0.00    165     16  579.8  579.8  579.8
   29.0  24101  -60.7  -91.5      1   0.00    160     19  584.2  584.2  584.2
   28.1  24298  -57.7  -90.7      1   0.00    200     21  597.8  597.9  597.8
   28.0  24320  -57.7  -90.7      1   0.00    205     21  598.4  598.5  598.5
   27.0  24550  -57.6  -90.4      1   0.00    205     16  604.8  604.9  604.8
   26.0  24788  -57.6  -90.2      1   0.00    230     11  611.5  611.5  611.5
   24.0  25293  -57.5  -89.6      1   0.01     70      7  625.9  626.0  625.9
   23.6  25399  -57.5  -89.5      1   0.01                629.0  629.0  629.0

