                                                             
  752.0   2546   13.0   11.4     90  11.38     30      2  310.4  345.5  312.6
  708.0   3057    8.4    8.2     99   9.73    152      5  310.7  340.9  312.6
  700.0   3153    8.2    8.2    100   9.84    175      5  311.5  342.1  313.4
  670.0   3515    6.2    4.8     91   8.11    170      7  313.2  338.7  314.8
  657.0   3676    6.6    3.5     81   7.55    168      8  315.4  339.4  316.9
  599.0   4430    1.6    0.3     91   6.57    158     12  318.1  339.3  319.3
  585.0   4620    1.4   -2.2     77   5.61    155     13  319.9  338.3  321.0
  576.0   4746    1.2   -3.8     69   5.04    158     12  321.2  337.9  322.2
  535.0   5332   -2.8   -5.3     83   4.86    170     10  323.2  339.4  324.2
  500.0   5870   -6.5   -6.6     99   4.69    225      5  325.1  340.9  326.0
  497.0   5917   -6.9   -6.9    100   4.61    223      5  325.1  340.7  326.0
  400.0   7580  -16.1  -22.1     60   1.64    145      3  334.0  340.0  334.3
  397.0   7637  -16.3  -22.3     60   1.62    142      4  334.4  340.4  334.8
  377.0   8020  -19.4  -24.1     67   1.46    125     10  335.3  340.7  335.6
  348.0   8613  -24.3  -26.8     80   1.23     93      3  336.4  341.1  336.7
  345.0   8676  -24.8  -27.4     79   1.18     90      2  336.6  341.1  336.9
  323.0   9152  -28.3  -32.1     70   0.81     71      3  338.2  341.3  338.3
  322.0   9174  -28.1  -36.1     46   0.55     70      3  338.7  340.9  338.9
  313.0   9378  -28.7  -43.7     22   0.26     62      4  340.7  341.7  340.7
  300.0   9680  -30.9  -45.9     22   0.21     50      5  341.7  342.6  341.8
  295.0   9799  -31.7  -47.7     19   0.17     62      8  342.2  343.0  342.3
  292.0   9872  -32.1  -48.1     19   0.17     70     10  342.6  343.4  342.7
  269.0  10441  -36.9  -50.7     22   0.14     95     16  343.9  344.4  343.9
  250.0  10950  -41.1  -53.1     26   0.11     70     15  344.8  345.3  344.9
  234.0  11393  -45.2  -56.6     27   0.08     50     17  345.2  345.6  345.2
  225.0  11655  -47.6  -58.7     27   0.06     55     19  345.4  345.6  345.4
  224.0  11685  -47.9  -58.9     27   0.06                345.4  345.7  345.4

