
University of Wyoming - Radiosonde Data

78988 TNCC Hato Airport, Curacao Observations at 12Z 03 Sep 2020

-----------------------------------------------------------------------------
   PRES   HGHT   TEMP   DWPT   RELH   MIXR   DRCT   SKNT   THTA   THTE   THTV
    hPa     m      C      C      %    g/kg    deg   knot     K      K      K 
-----------------------------------------------------------------------------
 1004.0     54   26.6   23.8     85  18.90    170      4  299.4  354.9  302.8
 1000.0     89   26.4   23.2     83  18.28    165      5  299.6  353.2  302.8
  999.0     98   26.4   23.1     82  18.19    164      5  299.6  353.0  302.9
  983.0    241   25.4   22.3     83  17.59    151      9  300.0  351.7  303.2
  976.0    303   25.0   21.7     82  17.08    145     10  300.2  350.5  303.3
  944.0    596   23.3   19.0     77  14.85    115     10  301.3  345.3  304.0
  925.0    774   22.2   17.3     74  13.62    130     10  302.0  342.4  304.5
  912.0    897   21.7   16.7     74  13.32    125      8  302.7  342.3  305.1
  895.0   1060   20.9   16.0     73  12.93    105      6  303.6  342.2  305.9
  873.0   1277   20.0   15.0     73  12.43    129      6  304.8  342.1  307.0
  850.0   1507   18.2   13.5     74  11.57    155      7  305.2  340.1  307.3
  847.0   1537   18.0   13.3     74  11.50    155      7  305.3  340.0  307.4
  793.0   2098   14.4   10.6     78  10.24    155     13  307.3  338.5  309.2
  781.0   2228   13.6   10.0     79   9.96    157     13  307.7  338.2  309.6
  719.0   2924   11.2    6.2     71   8.34    168     11  312.5  338.6  314.0
  709.0   3040   10.4    5.5     72   8.06    170     11  312.8  338.1  314.3
  700.0   3147    9.6    4.9     72   7.82    170      9  313.1  337.7  314.6
  640.0   3878    5.0    1.2     76   6.55    150     16  316.0  337.0  317.3
  616.0   4189    3.1   -0.4     78   6.05    135     11  317.3  336.8  318.4
  567.0   4865   -1.1   -3.9     81   5.08    141     11  319.9  336.6  320.9
  508.0   5736   -5.7  -10.7     68   3.35    149     12  324.6  336.0  325.2
  500.0   5860   -6.5  -11.1     70   3.29    150     12  325.1  336.3  325.7
  461.0   6491  -10.5  -13.1     81   3.04    148      9  327.7  338.2  328.3
  422.0   7166  -14.5  -24.5     42   1.25    145      5  330.9  335.6  331.2
  415.0   7292  -15.4  -23.2     51   1.43    145      4  331.4  336.7  331.7
  400.0   7570  -17.3  -20.4     77   1.90    160      3  332.4  339.3  332.8
  399.0   7589  -17.5  -20.4     78   1.90    164      3  332.4  339.3  332.8
  391.0   7740  -18.3  -26.3     49   1.15    197      5  333.3  337.6  333.5
  389.0   7779  -18.6  -26.0     52   1.18    205      5  333.4  337.8  333.6
  377.0   8012  -20.3  -24.4     69   1.41    170      7  334.2  339.4  334.4
  374.0   8071  -20.7  -24.0     75   1.48    178      7  334.4  339.8  334.7
  364.0   8271  -21.7  -28.1     56   1.05    205      5  335.6  339.6  335.8
  362.0   8312  -21.9  -28.9     53   0.98    202      5  335.9  339.6  336.1
  353.0   8497  -23.1  -28.1     64   1.08    187      2  336.7  340.8  336.9
  352.0   8517  -23.2  -28.7     61   1.02    185      2  336.8  340.6  337.0
  345.0   8664  -24.3  -33.3     43   0.67    195      4  337.3  339.9  337.4
  308.0   9483  -29.7  -33.7     68   0.72    252     15  340.8  343.7  341.0
  300.0   9670  -31.1  -35.6     65   0.62    265     17  341.4  343.9  341.6
  297.0   9739  -31.7  -36.2     64   0.58    260     18  341.6  343.9  341.7
  268.0  10450  -37.9  -42.7     61   0.33    255     13  342.7  344.1  342.8
  250.0  10930  -42.1  -47.1     58   0.22    265      6  343.3  344.3  343.4
  247.0  11010  -42.8  -47.8     58   0.21    245      4  343.5  344.3  343.5
  200.0  12400  -55.3  -59.6     59   0.06    335      9  345.0  345.3  345.1
  194.0  12590  -56.9  -61.1     59   0.05    340      7  345.6  345.8  345.6
  167.0  13523  -64.5  -68.3     59   0.02    330     18  348.0  348.1  348.0
  163.0  13674  -65.7  -69.5     59   0.02    350     14  348.3  348.4  348.3
  150.0  14180  -64.7  -69.2     54   0.02     60      1  358.4  358.5  358.4
  149.0  14221  -64.7  -69.2     54   0.02     60      1  359.1  359.2  359.1
  147.0  14301  -65.1  -69.6     54   0.02     60      1  359.8  359.9  359.8
  137.0  14721  -67.4  -71.7     54   0.02    160      9  363.1  363.2  363.1
  122.0  15413  -71.0  -75.2     54   0.01    210     13  368.7  368.8  368.7
  110.0  16030  -74.3  -78.3     54   0.01    270     17  373.6  373.6  373.6
  106.0  16247  -72.9  -77.3     51   0.01    335      7  380.3  380.4  380.3
  105.0  16302  -72.5  -77.1     50   0.01    314      6  382.0  382.1  382.0
  103.0  16416  -71.5  -75.8     53   0.01    272      5  386.1  386.1  386.1
  102.0  16473  -71.6  -75.9     53   0.01    250      4  387.0  387.1  387.0
  100.0  16590  -71.7  -76.0     53   0.01     10      4  388.9  389.0  388.9
   96.8  16782  -71.1  -75.7     50   0.01     20      8  393.7  393.8  393.7
   94.8  16905  -70.9  -75.4     51   0.01     27     11  396.5  396.6  396.5
   89.0  17276  -72.7  -76.5     56   0.01     46     20  400.1  400.2  400.1
   88.0  17342  -72.8  -77.0     53   0.01     50     21  401.2  401.3  401.2
   85.0  17545  -73.0  -78.3     45   0.01     90     16  404.7  404.8  404.7
   75.8  18214  -73.9  -82.9     24   0.01     81     21  416.4  416.4  416.4
   71.1  18588  -71.7  -81.7     21   0.01     76     24  428.8  428.8  428.8
   70.0  18680  -71.9  -81.9     21   0.01     75     25  430.2  430.3  430.2
   69.2  18748  -72.1  -82.1     21   0.01     69     29  431.2  431.3  431.2
   68.0  18852  -71.7  -82.1     20   0.01     60     34  434.2  434.2  434.2
   63.0  19309  -70.1  -81.9     17   0.01     65     27  447.3  447.3  447.3
   56.0  20013  -67.7  -81.6     12   0.01     70     32  468.2  468.3  468.2
   54.0  20230  -66.9  -81.5     11   0.01     60     37  474.8  474.9  474.8
   50.0  20690  -65.3  -81.3      9   0.01     70     32  489.2  489.3  489.2
   46.0  21206  -61.5  -79.2      8   0.02    115     29  510.1  510.3  510.1
   45.2  21315  -60.7  -78.7      8   0.02    114     29  514.6  514.8  514.6
   38.5  22313  -63.3  -82.3      6   0.01    105     28  532.2  532.3  532.2
   35.0  22907  -60.9  -81.6      5   0.01    100     28  553.2  553.3  553.2
   34.5  22996  -60.5  -81.5      5   0.02    103     28  556.5  556.6  556.5
   32.0  23466  -61.3  -81.5      5   0.02    120     27  566.3  566.5  566.3
   31.5  23565  -61.5  -81.5      5   0.02    115     27  568.4  568.6  568.4
   30.0  23870  -60.3  -82.3      4   0.02    100     25  579.7  579.8  579.7
   27.0  24546  -57.5  -81.0      3   0.02     75     30  605.3  605.5  605.3
   23.0  25574  -53.2  -79.2      3   0.03     80     42  646.2  646.5  646.2
   20.0  26470  -49.5  -77.5      2   0.05     80     30  683.9  684.4  683.9
   19.1  26772  -48.5  -76.5      2   0.06    107     26  696.0  696.7  696.1
   19.0  26807  -48.4  -74.4      3   0.08    110     25  697.4  698.2  697.4
   18.9  26841  -48.3  -72.3      5   0.12                698.8  699.9  698.8
Station information and sounding indices
                         Station identifier: TNCC
                             Station number: 78988
                           Observation time: 200903/1200
                           Station latitude: 12.20
                          Station longitude: -68.96
                          Station elevation: 54.0
                            Showalter index: 0.36
                               Lifted index: -3.49
    LIFT computed using virtual temperature: -3.97
                                SWEAT index: 187.99
                                    K index: 33.50
                         Cross totals index: 20.00
                      Vertical totals index: 24.70
                        Totals totals index: 44.70
      Convective Available Potential Energy: 1278.00
             CAPE using virtual temperature: 1408.36
                      Convective Inhibition: -43.69
             CINS using virtual temperature: -24.13
                           Equilibrum Level: 160.82
 Equilibrum Level using virtual temperature: 160.83
                   Level of Free Convection: 824.99
             LFCT using virtual temperature: 852.21
                     Bulk Richardson Number: 1917.46
          Bulk Richardson Number using CAPV: 2113.05
  Temp [K] of the Lifted Condensation Level: 293.93
Pres [hPa] of the Lifted Condensation Level: 928.09
   Equivalent potential temp [K] of the LCL: 350.13
     Mean mixed layer potential temperature: 300.28
              Mean mixed layer mixing ratio: 17.00
              1000 hPa to 500 hPa thickness: 5771.00
Precipitable water [mm] for entire sounding: 53.02

Description of the 
data columns
or sounding indices.







Interested in graduate studies in atmospheric science?
Check out our program at the
University of Wyoming


Questions about the weather data provided by this site can be
addressed to 
Larry Oolman (ldoolman@uwyo.edu)






