
University of Wyoming - Radiosonde Data

80028 SKBQ Ernesto Cortissoz Observations at 12Z 03 Sep 2020

-----------------------------------------------------------------------------
   PRES   HGHT   TEMP   DWPT   RELH   MIXR   DRCT   SKNT   THTA   THTE   THTV
    hPa     m      C      C      %    g/kg    deg   knot     K      K      K 
-----------------------------------------------------------------------------
 1007.0     14   24.6   23.7     95  18.72    220      2  297.2  351.5  300.5
 1000.0     82   25.6   22.7     84  17.72    140      2  298.8  350.6  301.9
  990.0    171   25.8   21.3     76  16.40    126      2  299.8  348.0  302.8
  984.0    225   25.8   19.8     69  15.01    118      3  300.3  344.5  303.0
  959.0    451   23.4   22.4     94  18.15     84      4  300.1  353.5  303.4
  925.0    767   21.6   20.9     96  17.14     35      5  301.4  352.1  304.5
  897.0   1034   21.0   16.4     75  13.25     37      6  303.4  343.0  305.8
  850.0   1499   17.4   16.9     97  14.46     40      7  304.4  347.7  307.0
  847.0   1529   17.2   16.9     98  14.51     44      7  304.5  347.9  307.1
  825.0   1754   15.8   14.7     93  12.91     75      8  305.3  344.1  307.6
  794.0   2080   14.8   10.7     76  10.29    120     10  307.6  339.0  309.5
  775.0   2286   14.2    8.2     67   8.88    136     11  309.1  336.4  310.7
  770.0   2340   14.0    8.1     68   8.90    140     11  309.4  336.9  311.1
  742.0   2653   12.8    7.8     72   9.03    142      9  311.4  339.5  313.1
  700.0   3141   10.0    5.2     72   7.98    145      5  313.5  338.7  315.0
  596.0   4460    0.8    0.8    100   6.85    112      9  317.6  339.7  318.9
  565.0   4890   -0.1   -2.8     82   5.54    101     10  321.4  339.7  322.5
  562.0   4932   -0.4   -3.1     82   5.43    100     10  321.6  339.5  322.6
  549.0   5120   -1.6   -4.6     80   4.98    115     11  322.3  338.8  323.2
  542.0   5222   -2.3   -5.4     79   4.75    112     11  322.6  338.5  323.6
  523.0   5504   -3.9   -6.6     81   4.49    105     10  324.0  339.1  324.9
  500.0   5860   -5.9   -8.1     84   4.18    140     12  325.8  340.0  326.6
  499.0   5876   -6.0   -8.2     85   4.17    140     12  325.8  340.0  326.7
  470.0   6340   -9.3   -9.9     95   3.86    111     13  327.4  340.6  328.1
  469.0   6356   -9.3  -10.4     92   3.73    110     13  327.5  340.4  328.3
  462.0   6472   -9.5  -13.6     72   2.91    110     13  328.7  338.9  329.3
  455.0   6589   -9.6  -14.0     70   2.86    110     13  330.0  340.1  330.6
  450.0   6674   -9.7  -14.3     69   2.82    130     12  331.0  340.9  331.5
  445.0   6760  -10.0  -14.4     70   2.84    150     10  331.6  341.6  332.2
  444.0   6778  -10.1  -14.4     71   2.84    150     10  331.7  341.8  332.3
  400.0   7570  -15.7  -19.4     73   2.07    145     12  334.5  342.0  334.9
  382.0   7910  -18.2  -21.2     77   1.85    130     16  335.6  342.4  336.0
  360.0   8349  -21.5  -23.5     84   1.60    145     12  336.9  342.9  337.3
  323.0   9151  -27.5  -27.8     97   1.21    117     13  339.3  343.9  339.5
  315.0   9330  -28.6  -29.8     90   1.03    110     13  340.1  344.1  340.4
  308.0   9492  -29.6  -31.6     83   0.89     85     13  340.9  344.4  341.1
  302.0   9633  -30.5  -33.1     78   0.78     85     12  341.6  344.7  341.8
  300.0   9680  -30.9  -33.4     79   0.77     85     12  341.7  344.7  341.9
  265.0  10537  -38.0  -42.9     60   0.33     75     16  343.7  345.1  343.8
  253.0  10858  -40.6  -46.4     54   0.24     85     13  344.4  345.4  344.4
  250.0  10940  -41.3  -47.3     52   0.22     80     13  344.5  345.4  344.6
  242.0  11160  -43.2  -51.1     41   0.14     75     10  344.9  345.6  345.0
  234.0  11388  -45.1  -55.1     32   0.09     68     13  345.4  345.8  345.4
  221.0  11768  -48.7  -54.7     50   0.10     56     17  345.5  345.9  345.5
  200.0  12420  -54.3  -58.7     58   0.07     35     25  346.6  346.9  346.6
  192.0  12677  -56.5  -60.5     61   0.06     20     26  347.1  347.4  347.2
  179.0  13120  -60.3  -63.5     66   0.04     22     29  348.0  348.2  348.0
  164.0  13656  -64.2  -68.6     55   0.02     25     32  350.3  350.4  350.3
  157.0  13924  -66.1  -71.1     49   0.02     25     29  351.4  351.5  351.4
  156.0  13962  -66.4  -73.0     39   0.01     25     29  351.6  351.7  351.6
  154.0  14040  -66.9  -76.9     23   0.01     33     24  352.0  352.0  352.0
  150.0  14200  -63.9  -80.9      8   0.00     50     14  359.8  359.8  359.8
  149.0  14240  -64.1  -81.0      8   0.00     60     12  360.1  360.1  360.1
  148.0  14280  -64.4  -81.0      9   0.00     80     10  360.3  360.4  360.3
  144.0  14443  -65.4  -81.3      9   0.00    145     10  361.4  361.4  361.4
  136.0  14783  -67.5  -81.8     11   0.00    185     11  363.7  363.7  363.7
  132.0  14960  -68.6  -82.1     13   0.00    225     10  364.9  364.9  364.9
  121.0  15478  -71.8  -82.9     18   0.00    330      4  368.2  368.2  368.2
  114.0  15832  -73.9  -83.4     22   0.00    355     10  370.5  370.5  370.5
  109.0  16099  -75.6  -83.8     27   0.00      5     21  372.2  372.2  372.2
  108.0  16153  -75.9  -83.9     28   0.00     10     21  372.6  372.6  372.6
  107.0  16207  -75.6  -84.1     26   0.00     20     16  374.0  374.1  374.0
  103.0  16428  -74.5  -85.0     19   0.00     80     11  380.2  380.2  380.2
  100.0  16600  -73.7  -85.7     15   0.00     45      9  385.1  385.1  385.1
   92.0  17081  -76.8  -87.1     18   0.00     75      5  388.1  388.1  388.1
   90.9  17151  -77.3  -87.3     19   0.00     71      7  388.6  388.6  388.6
   86.8  17417  -73.9  -86.9     12   0.00     58     14  400.6  400.6  400.6
   86.0  17471  -73.9  -87.0     12   0.00     55     16  401.7  401.7  401.7
   83.0  17678  -73.8  -87.4     11   0.00     85     14  406.0  406.0  406.0
   75.0  18268  -73.5  -88.5      9   0.00    110     24  418.5  418.5  418.5
   70.0  18670  -73.3  -89.3      7   0.00    115     18  427.2  427.3  427.2
   69.0  18754  -73.0  -89.6      7   0.00    100     14  429.6  429.6  429.6
   68.0  18840  -72.8  -89.9      6   0.00     80     13  431.9  431.9  431.9
   67.0  18927  -72.5  -90.2      5   0.00     50     17  434.3  434.4  434.3
   64.8  19122  -71.9  -90.9      4   0.00     45     24  439.8  439.8  439.8
   63.0  19288  -72.3  -90.9      5   0.00     40     29  442.6  442.6  442.6
   59.9  19584  -72.9  -90.9      5   0.00     49     36  447.6  447.6  447.6
   58.0  19776  -71.6  -91.2      4   0.00     55     40  454.7  454.7  454.7
   56.0  19985  -70.1  -91.5      3   0.00     50     43  462.6  462.6  462.6
   50.0  20660  -65.5  -92.5      1   0.00     85     48  488.7  488.7  488.7
   49.0  20783  -65.5  -91.6      2   0.00     90     50  491.5  491.6  491.5
   48.9  20795  -65.5  -91.5      2   0.00                491.8  491.8  491.8
Station information and sounding indices
                         Station identifier: SKBQ
                             Station number: 80028
                           Observation time: 200903/1200
                           Station latitude: 10.53
                          Station longitude: -74.46
                          Station elevation: 14.0
                            Showalter index: -1.99
                               Lifted index: -2.61
    LIFT computed using virtual temperature: -2.92
                                SWEAT index: 228.79
                                    K index: 35.40
                         Cross totals index: 22.80
                      Vertical totals index: 23.30
                        Totals totals index: 46.10
      Convective Available Potential Energy: 821.95
             CAPE using virtual temperature: 914.69
                      Convective Inhibition: -32.61
             CINS using virtual temperature: -27.31
                           Equilibrum Level: 171.64
 Equilibrum Level using virtual temperature: 171.48
                   Level of Free Convection: 851.77
             LFCT using virtual temperature: 855.70
                     Bulk Richardson Number: 464.12
          Bulk Richardson Number using CAPV: 516.49
  Temp [K] of the Lifted Condensation Level: 294.00
Pres [hPa] of the Lifted Condensation Level: 934.58
   Equivalent potential temp [K] of the LCL: 349.34
     Mean mixed layer potential temperature: 299.75
              Mean mixed layer mixing ratio: 16.96
              1000 hPa to 500 hPa thickness: 5778.00
Precipitable water [mm] for entire sounding: 58.92

Description of the 
data columns
or sounding indices.







Interested in graduate studies in atmospheric science?
Check out our program at the
University of Wyoming


Questions about the weather data provided by this site can be
addressed to 
Larry Oolman (ldoolman@uwyo.edu)






