
University of Wyoming - Radiosonde Data

80094 SKBG Palonegro Observations at 12Z 03 Sep 2020

-----------------------------------------------------------------------------
   PRES   HGHT   TEMP   DWPT   RELH   MIXR   DRCT   SKNT   THTA   THTE   THTV
    hPa     m      C      C      %    g/kg    deg   knot     K      K      K 
-----------------------------------------------------------------------------
 1000.0     77                                                               
  925.0    771                                                               
  882.0   1189   19.0   19.0    100  15.95    160      3  302.8  350.2  305.7
  881.0   1199   19.1   18.8     98  15.73    125      3  303.0  349.8  305.8
  875.0   1257   19.4   17.4     88  14.50    129      4  303.9  347.3  306.6
  850.0   1502   18.0   15.9     88  13.55    145      7  305.0  345.7  307.5
  813.0   1883   16.6   12.7     78  11.48    153      8  307.4  342.3  309.5
  757.0   2490   13.2   11.1     87  11.08    166      9  310.1  344.2  312.1
  743.0   2647   13.0    7.0     67   8.53    169     10  311.5  338.1  313.1
  700.0   3146    9.2    5.9     80   8.39    180     11  312.6  338.9  314.2
  687.0   3300    8.3    5.2     81   8.16    185     14  313.3  338.9  314.8
  615.0   4210    2.8    1.3     90   6.88    220     13  317.1  339.2  318.4
  611.0   4263    3.8    0.3     78   6.44    222     13  318.8  339.7  320.1
  559.0   4980   -0.3   -3.3     81   5.41    250     12  322.1  340.0  323.2
  543.0   5215   -1.7   -4.4     81   5.10    230     10  323.2  340.2  324.2
  538.0   5289   -2.1   -4.8     82   5.01    235     10  323.6  340.3  324.6
  532.0   5379   -1.7   -7.7     64   4.05    240     10  325.1  338.8  325.9
  502.0   5838   -5.3   -8.9     75   3.90    270     10  326.2  339.5  327.0
  500.0   5870   -5.5   -9.0     76   3.89    265     10  326.3  339.6  327.0
  455.0   6602  -11.1  -11.8     95   3.42    213     10  328.2  340.0  328.9
  442.0   6824  -12.7  -12.7    100   3.28    197     10  328.9  340.3  329.5
  417.0   7265  -15.0  -16.8     86   2.48    165     10  331.4  340.2  331.9
  410.0   7393  -15.7  -18.0     83   2.28    180     10  332.1  340.3  332.6
  400.0   7580  -16.7  -19.7     78   2.02    175      9  333.2  340.5  333.6
  378.0   7997  -19.6  -23.0     74   1.60    160      3  334.8  340.7  335.1
  329.0   9021  -26.7  -31.2     66   0.86    125     10  338.6  341.9  338.8
  320.0   9220  -28.3  -31.6     73   0.85    128     12  339.1  342.4  339.2
  313.0   9378  -29.6  -33.8     67   0.71    130     13  339.4  342.2  339.6
  307.0   9516  -30.7  -35.7     61   0.60    116     13  339.8  342.1  339.9
  304.0   9586  -31.1  -42.1     33   0.31    109     14  340.1  341.4  340.2
  300.0   9680  -31.7  -36.3     64   0.57    100     14  340.6  342.9  340.7
  298.0   9727  -32.1  -34.9     76   0.67     98     14  340.7  343.3  340.8
  295.0   9799  -32.5  -39.5     50   0.42     96     13  341.1  342.8  341.2
  290.0   9919  -33.5  -36.6     74   0.58     91     12  341.3  343.6  341.4
  289.0   9943  -33.7  -36.9     73   0.56     90     12  341.4  343.6  341.5
  270.0  10413  -37.7  -42.2     63   0.35     80     12  342.2  343.7  342.3
  262.0  10622  -39.5  -44.5     59   0.28     84     14  342.6  343.8  342.6
  250.0  10940  -42.3  -46.3     65   0.24     90     17  343.0  344.1  343.1
  241.0  11187  -44.5  -46.6     79   0.24     92     17  343.4  344.4  343.4
  237.0  11299  -45.3  -51.3     51   0.14     92     17  343.8  344.4  343.8
  235.0  11355  -45.9  -49.5     67   0.18     93     17  343.7  344.5  343.8
  232.0  11441  -46.5  -53.5     45   0.11     93     17  344.1  344.6  344.1
  227.0  11585  -47.9  -52.9     56   0.12     94     17  344.1  344.6  344.1
  223.0  11702  -48.5  -56.3     40   0.08     95     17  344.9  345.2  344.9
  217.0  11881  -49.5  -61.5     23   0.04     77     17  346.1  346.3  346.1
  210.0  12094  -51.4  -61.3     29   0.05     55     18  346.4  346.6  346.4
  200.0  12410  -54.1  -61.1     42   0.05     45     21  346.9  347.2  346.9
  199.0  12442  -54.4  -60.8     45   0.05     45     22  347.0  347.2  347.0
  196.0  12539  -55.3  -60.0     56   0.06     47     22  347.0  347.3  347.1
  193.0  12637  -55.9  -68.9     18   0.02     48     21  347.6  347.7  347.6
  187.0  12836  -57.5  -65.5     35   0.03     52     20  348.2  348.3  348.2
  182.0  13006  -59.0  -69.5     25   0.02     55     19  348.4  348.5  348.4
  181.0  13041  -59.3  -70.3     23   0.02     59     20  348.5  348.6  348.5
  178.0  13145  -58.1  -75.1     10   0.01     70     21  352.1  352.2  352.1
  174.0  13286  -59.2  -75.4     11   0.01     85     24  352.7  352.7  352.7
  162.0  13726  -62.5  -76.2     14   0.01    125     16  354.3  354.4  354.3
  150.0  14200  -66.1  -77.1     20   0.01    150     15  356.0  356.1  356.0
  148.0  14280  -66.6  -77.5     20   0.01    155     14  356.5  356.6  356.5
  143.0  14485  -67.9  -78.4     21   0.01    195      5  357.8  357.8  357.8
  135.0  14828  -70.0  -79.9     22   0.01    260     10  359.9  360.0  359.9
  130.0  15053  -71.4  -80.9     23   0.00    245     11  361.3  361.3  361.3
  125.0  15287  -72.9  -81.9     25   0.00    257     10  362.7  362.8  362.7
  106.0  16243  -76.3  -84.5     27   0.00    305      5  373.8  373.8  373.8
  103.0  16410  -76.9  -84.9     27   0.00      5     10  375.7  375.7  375.7
  100.0  16580  -76.5  -84.5     27   0.00     55     13  379.7  379.7  379.7
   96.0  16816  -76.0  -85.5     22   0.00     95     21  385.0  385.0  385.0
   92.0  17063  -75.6  -86.5     17   0.00    105     20  390.7  390.7  390.7
   89.0  17255  -75.2  -87.3     14   0.00     90     22  395.1  395.2  395.2
   86.8  17400  -74.9  -87.9     12   0.00    116     21  398.6  398.6  398.6
   86.0  17454  -73.8  -88.5      9   0.00    125     21  401.9  401.9  401.9
   83.1  17656  -69.5  -90.5      3   0.00     77     10  414.5  414.6  414.5
   83.0  17663  -69.5  -90.5      3   0.00     75     10  414.6  414.6  414.6
   70.0  18670  -73.7  -89.7      7   0.00     55     23  426.4  426.4  426.4
   68.1  18831  -74.7  -89.7      8   0.00     65     29  427.6  427.6  427.6
   67.0  18926  -74.8  -90.2      8   0.00     70     30  429.4  429.4  429.4
   65.2  19084  -74.9  -90.9      7   0.00     66     31  432.5  432.5  432.5
   61.0  19479  -70.7  -91.7      3   0.00     55     33  450.2  450.3  450.2
   58.6  19716  -68.1  -92.1      2   0.00     57     37  461.2  461.2  461.2
   56.0  19988  -69.1  -92.1      2   0.00     60     42  464.9  464.9  464.9
   53.7  20240  -70.1  -92.1      3   0.00     68     40  468.2  468.2  468.2
   53.0  20319  -69.3  -92.2      2   0.00     70     39  471.8  471.8  471.8
   51.0  20551  -67.1  -92.7      2   0.00     80     41  482.3  482.3  482.3
   50.0  20670  -65.9  -92.9      1   0.00     90     36  487.8  487.8  487.8
   48.0  20920  -63.5  -93.1      1   0.00    135     18  499.3  499.3  499.3
   46.3  21142  -61.3  -93.3      1   0.00    114     13  509.7  509.7  509.7
   46.0                                       110     12                     
Station information and sounding indices
                         Station identifier: SKBG
                             Station number: 80094
                           Observation time: 200903/1200
                           Station latitude: 7.06
                          Station longitude: -73.12
                          Station elevation: 1189.0
                            Showalter index: -0.86
                               Lifted index: -1.01
    LIFT computed using virtual temperature: -1.27
                                SWEAT index: 214.79
                                    K index: 36.10
                         Cross totals index: 21.40
                      Vertical totals index: 23.50
                        Totals totals index: 44.90
      Convective Available Potential Energy: 390.02
             CAPE using virtual temperature: 444.30
                      Convective Inhibition: -50.28
             CINS using virtual temperature: -35.52
                           Equilibrum Level: 221.26
 Equilibrum Level using virtual temperature: 221.15
                   Level of Free Convection: 705.01
             LFCT using virtual temperature: 717.70
                     Bulk Richardson Number: 56.22
          Bulk Richardson Number using CAPV: 64.04
  Temp [K] of the Lifted Condensation Level: 288.97
Pres [hPa] of the Lifted Condensation Level: 830.68
   Equivalent potential temp [K] of the LCL: 346.08
     Mean mixed layer potential temperature: 304.72
              Mean mixed layer mixing ratio: 13.83
              1000 hPa to 500 hPa thickness: 5793.00
Precipitable water [mm] for entire sounding: 38.41

Description of the 
data columns
or sounding indices.







Interested in graduate studies in atmospheric science?
Check out our program at the
University of Wyoming


Questions about the weather data provided by this site can be
addressed to 
Larry Oolman (ldoolman@uwyo.edu)






