                                                            
  753.0   2546   12.8   10.9     88  10.99    230      3  310.1  343.9  312.1
  746.0   2624   12.2   10.5     89  10.79    305     10  310.2  343.5  312.3
  700.0   3159    8.0    7.7     98   9.51    250     10  311.3  340.8  313.1
  687.0   3314    6.6    6.6    100   8.98    240     10  311.4  339.4  313.1
  527.0   5450   -3.9   -3.9    100   5.48    100     10  323.4  341.5  324.4
  511.0   5699   -5.1   -5.1    100   5.15    130     10  324.7  342.0  325.7
  500.0   5870   -5.7   -5.7    100   5.03    105      9  326.0  343.0  327.0
  483.0   6139   -7.1   -7.2     99   4.65     85     11  327.6  343.4  328.5
  450.0   6688   -9.9  -10.2     98   3.94     72     15  330.7  344.4  331.5
  429.0   7053  -14.1  -16.8     80   2.41     64     18  329.9  338.4  330.4
  409.0   7413  -15.9  -18.1     83   2.27     55     21  332.1  340.2  332.6
  407.0   7450  -16.1  -18.2     84   2.25     56     21  332.3  340.4  332.8
  400.0   7580  -16.5  -21.4     66   1.74     60     22  333.5  339.8  333.8
  395.0   7675  -17.3  -24.3     54   1.36     61     22  333.6  338.7  333.9
  363.0   8296  -21.3  -27.1     60   1.15     65     19  336.4  340.8  336.7
  313.0   9386  -28.3  -32.0     70   0.84     29     21  341.2  344.5  341.4
  308.0   9502  -29.1  -34.1     62   0.70     25     21  341.7  344.4  341.8
  302.0   9643  -30.3  -36.0     57   0.59     20     21  341.9  344.3  342.0
  300.0   9690  -30.7  -36.7     56   0.55     20     21  342.0  344.2  342.1
  281.0  10149  -34.3  -41.3     49   0.37     32     23  343.3  344.8  343.4
  263.0  10605  -38.5  -42.3     67   0.35     45     25  343.7  345.1  343.8
  250.0  10950  -41.3  -47.3     52   0.22     45     24  344.5  345.4  344.6
  248.0  11005  -41.7  -49.7     41   0.17     45     24  344.7  345.4  344.8
  217.0  11891  -49.2  -59.9     28   0.06     40     30  346.4  346.7  346.5
  202.0  12366  -53.3  -65.3     22   0.03     44     27  347.2  347.4  347.2
  200.0  12430  -53.9  -64.9     25   0.03     45     27  347.2  347.4  347.3
  194.0  12624  -55.7  -66.7     24   0.02     45     26  347.4  347.5  347.4
  181.0  13060  -58.9  -70.9     20   0.01     58     25  349.1  349.2  349.1
  167.0  13558  -62.9  -69.9     38   0.02     74     24  350.6  350.7  350.6
  162.0  13744  -64.2  -75.4     20   0.01     80     24  351.4  351.5  351.4
  161.0  13782  -64.5  -76.5     18   0.01     84     23  351.6  351.6  351.6
  157.0  13934  -65.3  -73.3     32   0.01     98     20  352.8  352.8  352.8
  151.0  14170  -66.2  -74.2     32   0.01    120     14  355.2  355.3  355.3
  150.0  14210  -66.3  -74.3     32   0.01    130     13  355.7  355.7  355.7
  147.0  14331  -67.2  -74.7     34   0.01    160     12  356.3  356.3  356.3
  146.0  14371  -67.4  -74.8     34   0.01    155     11  356.5  356.5  356.5
  139.0  14664  -69.5  -75.8     40   0.01    135     12  357.9  357.9  357.9
  131.0  15018  -72.0  -76.9     48   0.01     75     20  359.5  359.6  359.5
  126.0  15250  -73.6  -77.7     54   0.01     70     21  360.6  360.6  360.6
  124.0  15346  -74.3  -78.0     57   0.01     83     21  361.0  361.1  361.0
  120.0  15537  -74.6  -79.6     46   0.01    110     21  363.9  363.9  363.9
  114.0  15836  -75.1  -82.1     33   0.00    130     25  368.3  368.4  368.3
  108.0  16148  -77.5  -83.1     40   0.00    130     24  369.6  369.6  369.6
  105.0  16311  -78.7  -83.6     45   0.00    125     21  370.2  370.2  370.2
  100.0  16590  -78.7  -84.7     37   0.00    150      7  375.4  375.4  375.4
   98.0  16704  -79.1  -85.1     37   0.00    195      2  376.9  376.9  376.9
   94.5  16909  -79.7  -85.7     37   0.00    119      3  379.6  379.6  379.6
   93.0  17000  -78.1  -86.0     27   0.00     85      4  384.5  384.5  384.5
   91.0  17124  -75.9  -86.5     18   0.00     90     13  391.2  391.2  391.2
   89.9  17194  -74.7  -86.7     14   0.00    101     20  395.0  395.0  395.0
   89.3  17233  -69.9  -85.9      8   0.00    107     24  405.3  405.3  405.3
   89.0  17253  -69.3  -86.9      6   0.00    110     26  406.8  406.8  406.8
   87.8  17334  -67.1  -91.1      2   0.00    113     24  412.9  412.9  412.9
   87.0  17389  -67.1  -91.0      2   0.00    115     22  413.9  413.9  413.9
   84.0  17599  -67.2  -90.6      2   0.00     90     13  417.9  417.9  417.9
   79.0  17966  -67.4  -90.0      3   0.00     70     15  425.0  425.0  425.0
   75.0  18277  -67.5  -89.4      3   0.00    100     21  431.0  431.0  431.0
   70.0  18690  -67.7  -88.7      4   0.00     90     21  439.2  439.2  439.2
   67.0  18952  -68.2  -88.9      4   0.00     85     25  443.6  443.6  443.6
   62.0  19415  -69.2  -89.4      4   0.00     65     18  451.4  451.4  451.4
   57.0  19918  -70.2  -89.8      4   0.00     70     10  460.1  460.1  460.1
   55.0  20131  -70.7  -90.0      4   0.00     50     11  463.8  463.8  463.8
   53.0  20353  -71.1  -90.2      4   0.00     50     16  467.6  467.7  467.6
   52.2  20444  -71.3  -90.3      5   0.00     63     20  469.2  469.3  469.3
   50.0  20700  -69.5  -89.5      4   0.00    100     32  479.3  479.3  479.3
   48.0  20947  -66.3  -90.1      2   0.00    105     22  492.5  492.5  492.5
   47.0  21074  -64.7  -90.5      2   0.00    135     10  499.4  499.4  499.4
   46.9  21087  -64.5  -90.5      2   0.00    132     10  500.1  500.1  500.1
   44.5  21408  -65.3  -90.3      2   0.00     52      4  505.8  505.8  505.8
   43.0  21622  -64.4  -89.8      2   0.00      0      0  512.9  512.9  512.9
   42.0  21768  -63.8  -89.4      2   0.00    260     16  517.8  517.8  517.8
   40.0  22071  -62.6  -88.6      2   0.00    275     14  528.2  528.2  528.2
   39.0  22229  -61.9  -88.2      2   0.00    315     17  533.7  533.7  533.7
   38.0  22390  -61.3  -87.8      2   0.00    335     11  539.3  539.4  539.3
   37.0  22556  -60.6  -87.4      2   0.01    290      7  545.2  545.2  545.2
   36.0  22726  -59.9  -86.9      2   0.01    280     10  551.3  551.3  551.3
   35.0  22901  -59.2  -86.5      2   0.01    265     30  557.6  557.6  557.6
   33.0  23267  -57.7  -85.5      2   0.01    260     24  571.0  571.1  571.0
   32.5  23362  -57.3  -85.3      2   0.01    265     27  574.5  574.6  574.5
   32.0  23461  -57.2  -86.0      1   0.01    270     31  577.4  577.5  577.4
   30.0  23870  -56.7  -88.7      1   0.01    275     20  589.5  589.5  589.5
   26.0  24776  -57.1  -89.1      1   0.01                612.9  613.0  612.9

