
University of Wyoming - Radiosonde Data

80094 SKBG Palonegro Observations at 12Z 18 Aug 2020

-----------------------------------------------------------------------------
   PRES   HGHT   TEMP   DWPT   RELH   MIXR   DRCT   SKNT   THTA   THTE   THTV
    hPa     m      C      C      %    g/kg    deg   knot     K      K      K 
-----------------------------------------------------------------------------
 1000.0     87                                                               
  925.0    782                                                               
  883.0   1189   19.0   19.0    100  15.93    180      6  302.7  350.1  305.6
  877.0   1247   18.9   18.5     97  15.51    160     10  303.2  349.4  306.1
  850.0   1513   18.6   16.1     85  13.73    140     11  305.6  347.0  308.1
  849.0   1523   18.6   16.0     85  13.62    135     11  305.7  346.8  308.2
  824.0   1780   18.4   12.4     68  11.10    160      5  308.1  342.0  310.2
  809.0   1937   17.2   12.1     72  11.08    175      1  308.5  342.4  310.6
  756.0   2514   13.0   11.0     88  11.02    116      4  310.0  343.9  312.0
  741.0   2683   13.4    7.4     67   8.79     99      5  312.2  339.6  313.8
  700.0   3161   11.4    4.4     62   7.55     50      7  315.1  339.1  316.5
  699.0   3173   11.4    4.4     62   7.56     51      7  315.2  339.2  316.6
  683.0   3366    9.9    4.1     67   7.60     75     10  315.7  339.9  317.1
  662.0   3626    8.0    3.8     75   7.65     78     15  316.3  340.7  317.8
  642.0   3878    6.6   -0.4     61   5.81     80     19  317.5  336.4  318.6
  622.0   4139    5.2   -4.8     48   4.33     78     18  318.8  333.1  319.6
  617.0   4205    4.6    1.7     81   7.06     78     18  318.8  341.7  320.2
  586.0   4624    2.2   -4.8     60   4.59     75     16  320.8  336.0  321.7
  573.0   4805    0.8   -0.7     90   6.39     74     15  321.2  342.1  322.4
  537.0   5323   -2.3   -3.8     89   5.39     70     13  323.4  341.4  324.5
  520.0   5580   -3.9   -5.4     89   4.95     84     10  324.6  341.1  325.5
  507.0   5781   -4.5  -10.5     63   3.41     94      7  326.2  337.9  326.9
  500.0   5890   -5.5  -10.5     68   3.46    100      6  326.3  338.1  326.9
  492.0   6016   -6.5  -10.4     74   3.53     90      5  326.5  338.6  327.2
  483.0   6161   -7.7  -10.4     81   3.61     92      8  326.8  339.2  327.5
  477.0   6258   -7.3  -15.3     53   2.45     93     10  328.5  337.1  328.9
  469.0   6390   -8.2  -16.5     51   2.25     95     12  329.0  337.0  329.4
  462.0   6507   -8.9  -17.6     49   2.09    110     12  329.4  336.9  329.9
  455.0   6625   -9.7  -18.7     48   1.93     98     14  329.9  336.9  330.3
  450.0   6710  -10.3  -18.0     53   2.07     90     15  330.2  337.6  330.6
  434.0   6989  -12.3  -15.8     75   2.59    109     18  331.1  340.3  331.6
  413.0   7367  -13.7  -38.6     10   0.33    135     21  334.0  335.4  334.1
  410.0   7423  -13.9  -41.9      7   0.24    136     21  334.5  335.4  334.5
  403.0   7553  -14.7  -39.7     10   0.30    139     20  335.1  336.3  335.1
  400.0   7610  -15.1  -40.1     10   0.29    140     20  335.3  336.5  335.3
  382.0   7952  -17.8  -36.1     19   0.46    145     22  336.2  338.0  336.3
  361.0   8373  -21.1  -31.1     40   0.79    145     18  337.2  340.3  337.4
  355.0   8495  -21.9  -36.3     26   0.48    145     17  337.8  339.8  337.9
  353.0   8537  -22.1  -38.1     22   0.41    141     16  338.0  339.7  338.1
  344.0   8725  -22.9  -32.4     42   0.74    120     10  339.4  342.3  339.6
  341.0   8789  -23.2  -30.4     52   0.89    110     11  339.9  343.4  340.1
  338.0   8854  -23.5  -28.5     63   1.08    107     12  340.4  344.5  340.6
  324.0   9160  -26.0  -30.4     66   0.94     95     18  341.1  344.7  341.3
  320.0   9249  -26.7  -31.0     67   0.91     97     18  341.3  344.8  341.5
  300.0   9710  -29.9  -35.9     56   0.60    105     20  343.1  345.5  343.2
  298.0   9758  -30.3  -36.4     55   0.57    105     21  343.3  345.6  343.4
  288.0  10001  -32.1  -38.9     51   0.46     80     23  344.0  345.8  344.1
  285.0  10076  -32.7  -39.7     50   0.43     79     24  344.2  345.9  344.3
  265.0  10588  -37.3  -44.3     48   0.28     74     27  344.7  345.9  344.7
  253.0  10908  -40.2  -45.1     59   0.27     70     30  345.0  346.2  345.1
  250.0  10990  -40.9  -45.3     62   0.27     70     30  345.1  346.3  345.2
  245.0  11127  -42.1  -45.5     69   0.27     72     30  345.3  346.5  345.4
  223.0  11753  -47.5  -56.5     35   0.08     80     29  346.4  346.8  346.5
  218.0  11902  -48.7  -52.7     63   0.13     82     28  346.8  347.4  346.9
  211.0  12115  -50.7  -54.3     65   0.11     85     28  347.0  347.5  347.0
  204.0  12333  -52.7  -60.7     37   0.05     88     32  347.2  347.4  347.2
  200.0  12460  -53.5  -58.5     54   0.07     90     35  347.9  348.2  347.9
  190.0  12788  -56.1  -60.5     58   0.06     89     39  348.8  349.1  348.9
  181.0  13094  -58.9  -63.8     53   0.04     88     44  349.1  349.3  349.2
  179.0  13164  -59.7  -65.7     45   0.03     88     44  348.9  349.1  349.0
  174.0  13341  -60.7  -74.7     14   0.01     87     47  350.1  350.2  350.1
  160.0  13858  -64.3  -78.3     13   0.01     85     54  352.6  352.6  352.6
  155.0  14052  -65.9  -72.9     37   0.01     85     51  353.0  353.1  353.1
  150.0  14250  -67.3  -78.3     20   0.01     85     47  354.0  354.0  354.0
  148.0  14331  -68.1  -78.1     23   0.01     87     45  353.9  354.0  353.9
  139.0  14705  -70.9  -76.9     41   0.01     96     36  355.4  355.5  355.4
  135.0  14877  -72.1  -76.1     55   0.01    100     32  356.3  356.3  356.3
  130.0  15099  -73.3  -81.3     29   0.00    106     26  358.0  358.0  358.0
  126.0  15279  -74.7  -81.3     35   0.00    110     22  358.6  358.6  358.6
  120.0  15561  -77.0  -81.4     49   0.00    100     20  359.6  359.6  359.6
  116.0  15757  -78.5  -81.5     62   0.00     97     23  360.2  360.2  360.2
  114.0  15855  -79.2  -82.9     55   0.00     95     24  360.7  360.7  360.7
  110.0  16057  -80.7  -85.7     43   0.00    103     24  361.6  361.6  361.6
  107.0  16213  -81.9  -85.5     55   0.00    110     24  362.2  362.2  362.2
  100.0  16590  -83.5  -87.0     55   0.00    125     23  366.2  366.2  366.2
   96.1  16810  -84.9  -89.1     48   0.00    115     29  367.6  367.6  367.6
   94.4  16909  -83.7  -92.7     20   0.00    112     38  371.8  371.9  371.8
   93.5  16964  -76.5  -88.5     14   0.00    111     42  387.0  387.0  387.0
   93.0  16995  -74.8  -88.9     10   0.00    110     45  391.1  391.1  391.1
   91.4  17097  -69.1  -90.1      3   0.00    102     45  404.2  404.2  404.2
   90.2  17176  -68.5  -97.5      1   0.00     96     44  406.9  406.9  406.9
   86.0  17461  -69.0  -96.0      1   0.00     75     43  411.4  411.4  411.4
   82.0  17745  -69.6  -94.6      2   0.00     65     38  416.0  416.0  416.0
   80.0  17893  -69.8  -93.8      2   0.00     80     39  418.4  418.4  418.4
   73.0  18439  -70.9  -91.0      4   0.00     65     20  427.3  427.3  427.3
   72.8  18455  -70.9  -90.9      4   0.00     66     20  427.6  427.6  427.6
   70.8  18622  -68.3  -91.3      2   0.00     80     15  436.5  436.5  436.5
   70.0  18690  -68.3  -91.3      2   0.00     85     13  437.9  437.9  437.9
   68.0  18862  -69.2  -91.3      3   0.00     90     14  439.7  439.7  439.7
   64.0  19221  -71.0  -91.4      4   0.00     45     20  443.4  443.4  443.4
   60.0  19603  -72.9  -91.5      5   0.00     50     30  447.4  447.4  447.4
   58.8  19722  -73.5  -91.5      5   0.00     62     29  448.6  448.6  448.6
   57.0  19904  -72.4  -91.3      4   0.00     80     28  455.1  455.1  455.1
   56.8  19925  -72.3  -91.3      4   0.00                455.8  455.8  455.8
Station information and sounding indices
                         Station identifier: SKBG
                             Station number: 80094
                           Observation time: 200818/1200
                           Station latitude: 7.06
                          Station longitude: -73.12
                          Station elevation: 1189.0
                            Showalter index: -1.33
                               Lifted index: -1.42
    LIFT computed using virtual temperature: -1.79
                                SWEAT index: 221.19
                                    K index: 33.20
                         Cross totals index: 21.60
                      Vertical totals index: 24.10
                        Totals totals index: 45.70
      Convective Available Potential Energy: 201.09
             CAPE using virtual temperature: 268.25
                      Convective Inhibition: -100.00
             CINS using virtual temperature: -66.15
                           Equilibrum Level: 233.45
 Equilibrum Level using virtual temperature: 232.35
                   Level of Free Convection: 619.62
             LFCT using virtual temperature: 658.18
                     Bulk Richardson Number: 18.84
          Bulk Richardson Number using CAPV: 25.13
  Temp [K] of the Lifted Condensation Level: 289.30
Pres [hPa] of the Lifted Condensation Level: 831.88
   Equivalent potential temp [K] of the LCL: 347.19
     Mean mixed layer potential temperature: 304.95
              Mean mixed layer mixing ratio: 14.14
              1000 hPa to 500 hPa thickness: 5803.00
Precipitable water [mm] for entire sounding: 36.05

Description of the 
data columns
or sounding indices.







Interested in graduate studies in atmospheric science?
Check out our program at the
University of Wyoming


Questions about the weather data provided by this site can be
addressed to 
Larry Oolman (ldoolman@uwyo.edu)






