
University of Wyoming - Radiosonde Data

80222 SKBO Bogota Observations at 12Z 18 Aug 2020

-----------------------------------------------------------------------------
   PRES   HGHT   TEMP   DWPT   RELH   MIXR   DRCT   SKNT   THTA   THTE   THTV
    hPa     m      C      C      %    g/kg    deg   knot     K      K      K 
-----------------------------------------------------------------------------
 1000.0     99                                                               
  925.0    754                                                               
  850.0   1509                                                               
  753.0   2546   12.6   10.0     84  10.34    290      1  309.9  341.7  311.8
  731.0   2797   10.0    9.3     95  10.16    351      2  309.7  340.9  311.6
  708.0   3065    9.0    7.9     93   9.53     57      4  311.4  341.0  313.2
  700.0   3160    9.2    6.7     84   8.87     80      4  312.6  340.4  314.3
  691.0   3268    9.8    5.6     75   8.32     50     10  314.5  340.8  316.0
  665.0   3587    7.6    4.2     79   7.84     58     14  315.5  340.4  316.9
  657.0   3687    7.6   -0.3     57   5.74     60     15  316.6  335.1  317.6
  655.0   3712    7.6   -1.4     53   5.30     59     14  316.8  334.0  317.8
  642.0   3875    6.7   -2.0     54   5.18     50     11  317.6  334.5  318.6
  625.0   4094    5.4   -2.7     56   5.03     65     11  318.6  335.1  319.6
  614.0   4238    4.6   -3.2     57   4.93     55     12  319.3  335.5  320.2
  592.0   4535    2.9   -4.3     59   4.72     95     10  320.7  336.3  321.6
  574.0   4787    1.5   -5.2     61   4.56     75     10  321.9  337.0  322.8
  552.0   5105   -0.3   -6.3     64   4.35     89     10  323.3  337.9  324.2
  527.0   5473   -3.6   -7.2     76   4.26    105     10  323.6  338.0  324.5
  512.0   5703   -5.7   -7.7     86   4.21    130      7  323.8  338.0  324.6
  505.0   5811   -4.3  -12.3     54   2.96    141      6  326.8  337.1  327.4
  500.0   5890   -4.9  -13.9     49   2.63    150      5  327.0  336.2  327.5
  491.0   6032   -5.9  -16.9     42   2.08    115      4  327.5  334.9  327.9
  480.0   6208   -6.7  -20.6     32   1.56    105     10  328.6  334.2  328.9
  472.0   6339   -7.3  -23.3     27   1.25    112     14  329.4  334.0  329.7
  463.0   6488   -8.2  -22.5     31   1.36    120     19  330.2  335.1  330.4
  456.0   6605   -8.9  -21.9     34   1.46    123     19  330.7  336.1  331.0
  451.0   6690   -9.7  -19.4     45   1.84    125     19  330.8  337.4  331.2
  447.0   6759  -10.3  -17.3     57   2.21    119     20  330.8  338.8  331.3
  437.0   6932  -11.4  -22.7     39   1.42    105     21  331.6  336.8  331.8
  433.0   7002  -11.9  -24.9     33   1.18    106     21  331.8  336.2  332.1
  410.0   7415  -15.7  -19.1     75   2.07    112     20  332.1  339.6  332.6
  400.0   7600  -16.5  -22.5     60   1.58    115     20  333.5  339.3  333.8
  398.0   7638  -16.7  -23.6     55   1.44    115     20  333.7  339.0  334.0
  383.0   7926  -18.2  -32.0     29   0.69     95     28  335.4  338.1  335.6
  372.0   8144  -19.3  -38.3     17   0.38     97     28  336.7  338.2  336.8
  361.0   8367  -20.7  -40.7     15   0.30    100     29  337.8  339.0  337.8
  360.0   8387  -20.9  -40.7     15   0.31    100     29  337.8  339.1  337.9
  326.0   9112  -26.9  -40.0     28   0.36     95     20  339.1  340.6  339.2
  321.0   9225  -27.9  -39.9     31   0.37     98     21  339.3  340.8  339.4
  316.0   9338  -28.1  -47.1     14   0.17    101     22  340.6  341.3  340.6
  302.0   9663  -30.5  -41.5     33   0.33    109     26  341.6  343.0  341.7
  300.0   9710  -30.5  -42.5     30   0.30    110     26  342.3  343.5  342.3
  287.0  10022  -32.9  -53.9     10   0.09    118     24  343.2  343.6  343.2
  284.0  10095  -33.7  -45.7     29   0.23    120     24  343.1  344.1  343.1
  257.0  10783  -39.7  -59.7     10   0.05    108     27  344.2  344.4  344.2
  250.0  10970  -41.5  -51.5     33   0.13    105     28  344.2  344.8  344.3
  249.0  10997  -41.7  -46.7     58   0.23    104     28  344.3  345.3  344.4
  235.0  11388  -45.1  -48.6     68   0.20     97     28  344.9  345.8  345.0
  232.0  11473  -45.8  -49.4     67   0.18     95     28  345.1  345.9  345.2
  200.0  12450  -53.7  -58.0     59   0.08     90     44  347.6  347.9  347.6
  167.0  13580  -63.7  -67.7     58   0.03     90     50  349.3  349.4  349.3
  158.0  13916  -66.4  -72.6     41   0.01     90     52  350.3  350.4  350.3
  155.0  14033  -67.3  -74.3     36   0.01     94     48  350.7  350.7  350.7
  150.0  14230  -67.1  -74.1     37   0.01    100     40  354.3  354.4  354.3
  143.0  14514  -69.1  -76.7     32   0.01    110     28  355.7  355.8  355.7
  137.0  14768  -70.9  -79.0     29   0.01    120     24  356.9  357.0  356.9
  132.0  14989  -72.4  -81.0     26   0.00    120     23  358.0  358.0  358.0
  128.0  15172  -73.7  -82.7     24   0.00    105     20  358.9  358.9  358.9
  119.0  15589  -76.5  -85.2     24   0.00     70     13  361.2  361.2  361.2
  103.0  16414  -82.1  -90.1     25   0.00     66     31  365.8  365.8  365.8
  100.0  16580  -81.7  -89.7     25   0.00     65     35  369.6  369.6  369.6
   97.4  16726  -82.9  -90.9     25   0.00     80     40  370.1  370.1  370.1
   95.0  16870  -79.7  -90.6     15   0.00     95     45  379.1  379.1  379.1
   92.0  17054  -75.5  -90.1      9   0.00     85     53  390.7  390.7  390.7
   88.0  17309  -69.8  -89.5      4   0.00    105     43  407.2  407.2  407.2
   87.8  17322  -69.5  -89.5      4   0.00    105     42  408.1  408.1  408.1
   83.0  17659  -68.3  -90.1      3   0.00    100     26  417.2  417.2  417.2
   79.0  17954  -67.2  -90.7      2   0.00    135     15  425.4  425.4  425.4
   77.0  18108  -66.6  -90.9      2   0.00    120     11  429.7  429.7  429.7
   76.0  18186  -66.3  -91.1      2   0.00     95      9  431.9  431.9  431.9
   75.0  18266  -66.0  -91.2      2   0.00     65     10  434.1  434.1  434.1
   73.2  18411  -65.5  -91.5      2   0.00     34     12  438.3  438.3  438.3
   73.0  18428  -65.7  -91.5      2   0.00     30     12  438.3  438.3  438.3
   70.0  18680  -67.9  -90.9      2   0.00     25     16  438.8  438.8  438.8
   68.0  18853  -68.8  -91.0      3   0.00     25     17  440.5  440.5  440.5
   66.0  19030  -69.7  -91.1      3   0.00     50     21  442.2  442.2  442.2
   60.4  19558  -72.5  -91.5      4   0.00     55     33  447.4  447.4  447.4
   58.7  19726  -72.7  -91.7      4   0.00     61     35  450.6  450.6  450.6
   55.0  20111  -71.5  -93.0      3   0.00     75     38  461.9  461.9  461.9
   51.6  20489  -70.3  -94.3      2   0.00     96     33  473.1  473.1  473.1
   51.0  20560  -67.1  -94.8      1   0.00    100     32  482.2  482.2  482.2
   50.0  20680  -61.7  -95.7      0   0.00    125     16  497.7  497.7  497.7
   49.0  20806  -59.7  -92.9      1   0.00    185      4  505.3  505.3  505.3
   48.8  20831  -59.3  -92.3      1   0.00    202      5  506.8  506.8  506.8
   48.0  20934  -59.7  -92.1      1   0.00    270     10  508.2  508.2  508.2
   47.0  21065  -60.3  -91.9      1   0.00    285     10  510.0  510.0  510.0
   46.2  21172  -60.7  -91.7      1   0.00    283      8  511.4  511.4  511.4
   43.0  21623  -56.3  -90.3      1   0.00    275      1  532.8  532.8  532.8
   42.0  21771  -54.9  -89.9      1   0.00    258      5  539.9  539.9  539.9
   41.0  21923  -55.4  -90.0      1   0.00    240     10  542.3  542.3  542.3
   39.0  22237  -56.6  -90.3      1   0.00    235     21  547.2  547.3  547.2
   37.0  22567  -57.7  -90.6      1   0.00    260     19  552.5  552.5  552.5
   34.0  23098  -59.6  -91.0      1   0.00    250     12  561.0  561.1  561.0
   32.0  23479  -61.0  -91.4      1   0.00    355      1  567.2  567.2  567.2
   31.3  23618  -61.5  -91.5      1   0.00     70      3  569.5  569.5  569.5
   30.0  23880  -61.7  -91.7      1   0.00    105      5  575.9  575.9  575.9
   29.2  24047  -61.9  -91.9      1   0.00     36      8  579.8  579.8  579.8
   28.0  24312  -59.5  -91.2      1   0.00    290     12  593.4  593.5  593.4
   26.0  24779  -55.3  -90.0      1   0.00      0      0  618.1  618.2  618.1
   25.0  25027  -53.0  -89.4      0   0.01    150     10  631.5  631.6  631.5
   24.6  25129  -52.1  -89.1      0   0.01    162     13  637.1  637.2  637.1
   24.0  25289  -51.7  -88.9      0   0.01    180     18  642.9  643.0  642.9
   23.0  25565  -50.9  -88.6      0   0.01    200     19  653.0  653.0  653.0
   22.2  25794  -50.3  -88.3      0   0.01    240     17  661.4  661.5  661.4
   22.0  25853  -50.5  -88.3      0   0.01    250     16  662.6  662.6  662.6
   21.0  26154  -51.5  -88.4      0   0.01    240     11  668.5  668.6  668.5
   20.0  26470  -52.5  -88.5      1   0.01    290      5  674.7  674.8  674.7
   18.3  27044  -52.3  -89.3      0   0.01     27      8  692.7  692.8  692.7
   18.0                                        45      9                     
Station information and sounding indices
                         Station identifier: SKBO
                             Station number: 80222
                           Observation time: 200818/1200
                           Station latitude: 4.70
                          Station longitude: -74.15
                          Station elevation: 2546.0
                               Lifted index: 1.53
    LIFT computed using virtual temperature: 1.19
      Convective Available Potential Energy: 0.22
             CAPE using virtual temperature: 0.87
                      Convective Inhibition: -155.21
             CINS using virtual temperature: -127.23
                           Equilibrum Level: 510.79
 Equilibrum Level using virtual temperature: 510.15
                   Level of Free Convection: 518.81
             LFCT using virtual temperature: 522.14
                     Bulk Richardson Number: 0.01
          Bulk Richardson Number using CAPV: 0.05
  Temp [K] of the Lifted Condensation Level: 282.02
Pres [hPa] of the Lifted Condensation Level: 717.30
   Equivalent potential temp [K] of the LCL: 341.12
     Mean mixed layer potential temperature: 310.12
              Mean mixed layer mixing ratio: 10.06
              1000 hPa to 500 hPa thickness: 5791.00
Precipitable water [mm] for entire sounding: 18.57

Description of the 
data columns
or sounding indices.







Interested in graduate studies in atmospheric science?
Check out our program at the
University of Wyoming


Questions about the weather data provided by this site can be
addressed to 
Larry Oolman (ldoolman@uwyo.edu)






