
University of Wyoming - Radiosonde Data

80028 SKBQ Ernesto Cortissoz Observations at 12Z 19 Aug 2020

-----------------------------------------------------------------------------
   PRES   HGHT   TEMP   DWPT   RELH   MIXR   DRCT   SKNT   THTA   THTE   THTV
    hPa     m      C      C      %    g/kg    deg   knot     K      K      K 
-----------------------------------------------------------------------------
 1006.0     14   26.2   25.7     97  21.21     90      4  298.8  361.0  302.6
 1000.0     79   25.6   25.2     98  20.69    125      6  298.8  359.4  302.4
  925.0    766   23.8   19.2     75  15.38    170      4  303.6  349.6  306.4
  854.0   1461   20.8   14.8     69  12.55    165      8  307.5  345.7  309.8
  850.0   1502   20.6   14.6     68  12.44    165      8  307.7  345.6  310.0
  700.0   3150    8.4    8.4    100   9.98    175      6  311.8  342.8  313.6
  683.0   3354    7.6    6.8     95   9.16     73      3  313.1  341.7  314.8
  681.0   3378    9.2    4.2     71   7.65     61      2  315.1  339.4  316.6
  675.0   3452    9.8    3.8     66   7.50     25      1  316.6  340.6  318.0
  671.0   3501    9.5    3.5     67   7.41      0      0  316.7  340.4  318.1
  582.0   4668    1.4   -2.7     74   5.42     53     11  320.5  338.3  321.5
  568.0   4864    1.4  -16.6     25   1.85     62     12  322.7  329.2  323.1
  557.0   5022    0.6  -18.4     23   1.62     69     14  323.6  329.3  323.9
  536.0   5329   -1.5  -13.5     40   2.53     83     17  324.6  333.4  325.1
  533.0   5374   -1.7  -17.7     28   1.80     85     17  324.9  331.3  325.3
  530.0   5419   -1.9  -21.9     20   1.26     82     17  325.2  329.8  325.4
  509.0   5739   -3.8  -24.5     18   1.04     60     14  326.6  330.4  326.8
  500.0   5880   -4.7  -25.7     18   0.95     60     16  327.2  330.8  327.4
  490.0   6038   -5.6  -28.4     15   0.75     55     16  328.1  330.9  328.2
  484.0   6134   -6.1  -30.1     13   0.65     59     17  328.6  331.1  328.7
  456.0   6597   -8.7  -19.6     41   1.78     80     22  330.9  337.4  331.3
  446.0   6769   -9.7  -15.7     62   2.54     80     25  331.8  340.9  332.3
  438.0   6908  -10.3  -21.3     40   1.60     80     28  332.8  338.6  333.1
  426.0   7121  -11.4  -19.6     51   1.90     80     32  334.0  340.9  334.4
  425.0   7139  -11.5  -19.5     52   1.93     80     32  334.1  341.1  334.5
  400.0   7600  -14.5  -19.2     67   2.11     80     30  336.1  343.8  336.5
  343.0   8749  -22.9  -24.9     84   1.49     80     22  339.7  345.4  340.1
  342.0   8770  -23.0  -25.2     82   1.45     80     22  339.8  345.3  340.1
  314.0   9392  -26.9  -33.9     52   0.70     99     17  342.9  345.6  343.0
  312.0   9438  -27.3  -34.3     51   0.67    100     17  342.9  345.6  343.1
  300.0   9720  -29.7  -36.7     51   0.55     95     16  343.4  345.6  343.5
  250.0  10990  -40.1  -50.1     33   0.16    105     10  346.3  347.0  346.3
  241.0  11239  -41.9  -57.9     16   0.06     91      9  347.2  347.6  347.3
  228.0  11607  -45.4  -57.5     24   0.07     70      7  347.5  347.8  347.5
  215.0  11997  -49.1  -57.1     39   0.08     55     10  347.6  347.9  347.6
  209.0  12185  -50.9  -56.9     49   0.08     64     14  347.6  348.0  347.6
  205.0  12311  -51.9  -62.9     25   0.04     70     16  348.0  348.1  348.0
  203.0  12374  -52.5  -56.9     59   0.09     66     15  348.0  348.4  348.0
  200.0  12470  -53.3  -61.3     37   0.05     60     14  348.2  348.4  348.2
  199.0  12502  -53.5  -62.5     32   0.04     59     14  348.4  348.6  348.4
  176.0  13280  -60.5  -65.2     54   0.03     45     11  349.3  349.5  349.3
  169.0  13531  -62.2  -69.5     37   0.02     40     10  350.6  350.7  350.6
  162.0  13792  -63.9  -73.9     24   0.01     46     11  352.0  352.0  352.0
  158.0  13945  -64.9  -69.8     51   0.02     50     11  352.8  352.9  352.8
  151.0  14220  -67.1  -75.1     31   0.01     81     14  353.6  353.7  353.6
  150.0  14260  -67.7  -75.7     31   0.01     85     15  353.3  353.3  353.3
  136.0  14839  -73.1  -75.5     70   0.01     90     13  353.8  353.8  353.8
  135.0  14883  -73.5  -75.5     74   0.01     87     13  353.8  353.8  353.8
  128.0  15191  -74.7  -78.9     52   0.01     65     13  357.1  357.1  357.1
  126.0  15282  -75.0  -80.0     46   0.01     65     13  358.1  358.1  358.1
  122.0  15469  -75.7  -82.0     37   0.00    100     17  360.1  360.1  360.1
  120.0  15565  -76.1  -83.1     33   0.00    105     17  361.1  361.1  361.1
  114.0  15858  -78.7  -83.4     46   0.00    120     19  361.7  361.7  361.7
  113.0  15908  -79.1  -83.5     49   0.00    115     16  361.8  361.8  361.8
  111.0  16009  -79.1  -84.1     44   0.00     95     14  363.6  363.7  363.6
  110.0  16061  -79.1  -84.3     42   0.00     85     15  364.6  364.6  364.6
  104.0  16378  -79.1  -86.1     31   0.00     76     28  370.5  370.5  370.5
  103.0  16433  -79.3  -86.0     33   0.00     75     30  371.1  371.1  371.1
  100.0  16600  -79.9  -85.9     37   0.00     85     35  373.1  373.1  373.1
   97.3  16755  -80.5  -86.5     36   0.00     83     38  374.9  374.9  374.9
   94.0  16951  -79.7  -87.0     29   0.00     80     41  380.2  380.2  380.2
   92.5  17042  -79.3  -87.3     26   0.00     83     38  382.7  382.7  382.7
   87.6  17358  -70.9  -87.9      7   0.00     92     28  405.5  405.6  405.5
   86.0  17467  -71.0  -88.1      6   0.00     95     25  407.4  407.5  407.4
   81.0  17822  -71.4  -88.9      6   0.00    140     17  413.7  413.7  413.7
   78.0  18046  -71.6  -89.4      6   0.00    150     21  417.7  417.7  417.7
   74.7  18302  -71.9  -89.9      5   0.00    129     29  422.3  422.3  422.3
   74.0  18358  -71.0  -90.0      5   0.00    125     31  425.4  425.4  425.4
   72.0  18521  -68.3  -90.3      3   0.00    108     28  434.4  434.4  434.4
   71.0  18605  -68.6  -90.6      3   0.00    100     26  435.5  435.5  435.5
   70.0  18690  -68.9  -90.9      3   0.00    100     27  436.6  436.7  436.6
   65.0  19132  -70.3  -90.8      4   0.00    140     16  443.0  443.0  443.0
   63.5  19271  -70.7  -90.7      4   0.00    128     13  445.0  445.0  445.0
   62.0  19414  -70.5  -90.9      4   0.00    115     10  448.4  448.4  448.4
   60.0  19609  -70.3  -91.1      3   0.00     80      5  453.1  453.1  453.1
   57.0  19914  -70.0  -91.4      3   0.00     15     10  460.6  460.6  460.6
   54.7  20159  -69.7  -91.7      3   0.00     40     14  466.7  466.7  466.7
   52.0  20464  -67.7  -92.5      2   0.00     70     19  478.2  478.2  478.2
   50.0  20700  -66.1  -93.1      1   0.00     75     24  487.3  487.3  487.3
   47.0  21074  -67.2  -93.0      2   0.00     85     24  493.4  493.4  493.4
   45.2  21310  -67.9  -92.9      2   0.00     67     27  497.2  497.2  497.2
   45.0  21337  -67.3  -93.0      2   0.00     65     27  499.1  499.2  499.1
   43.4  21557  -62.9  -93.9      1   0.00     89     27  515.3  515.3  515.3
   43.0  21615  -62.7  -93.8      1   0.00     95     27  517.2  517.2  517.2
   39.0  22224  -60.3  -93.1      1   0.00     90     35  537.8  537.8  537.8
   38.0  22387  -59.7  -92.9      1   0.00    105     26  543.4  543.5  543.4
   36.0  22724  -58.4  -92.5      1   0.00    100     13  555.3  555.3  555.3
   35.0  22900  -57.7  -92.3      1   0.00    100     15  561.6  561.6  561.6
   34.2  23045  -57.1  -92.1      0   0.00    124     14  566.8  566.8  566.8
   34.0  23082  -57.0  -92.1      0   0.00    130     14  568.1  568.1  568.1
   32.0  23468  -55.4  -91.6      0   0.00     80     22  582.1  582.1  582.1
   30.6  23753  -54.3  -91.3      0   0.00     80     25  592.6  592.7  592.6
   30.0  23880  -54.7  -90.7      0   0.00     80     26  594.9  595.0  594.9
   28.0  24319  -55.7  -91.2      0   0.00    105     31  604.0  604.0  604.0
   26.1  24766  -56.7  -91.7      0   0.00    105     27  613.4  613.4  613.4
   26.0  24791  -56.5  -91.6      0   0.00    105     27  614.7  614.7  614.7
   25.0  25041  -54.4  -90.8      0   0.00    130     16  627.7  627.7  627.7
   24.6  25144  -53.5  -90.5      0   0.00                633.1  633.1  633.1
Station information and sounding indices
                         Station identifier: SKBQ
                             Station number: 80028
                           Observation time: 200819/1200
                           Station latitude: 10.53
                          Station longitude: -74.46
                          Station elevation: 14.0
                            Showalter index: -0.01
                               Lifted index: -3.76
    LIFT computed using virtual temperature: -4.79
                                SWEAT index: 207.21
                                    K index: 39.90
                         Cross totals index: 19.30
                      Vertical totals index: 25.30
                        Totals totals index: 44.60
      Convective Available Potential Energy: 1803.02
             CAPE using virtual temperature: 1985.21
                      Convective Inhibition: -66.53
             CINS using virtual temperature: -39.29
                           Equilibrum Level: 129.93
 Equilibrum Level using virtual temperature: 129.94
                   Level of Free Convection: 803.94
             LFCT using virtual temperature: 823.98
                     Bulk Richardson Number: 6358.44
          Bulk Richardson Number using CAPV: 7000.94
  Temp [K] of the Lifted Condensation Level: 296.30
Pres [hPa] of the Lifted Condensation Level: 956.43
   Equivalent potential temp [K] of the LCL: 356.23
     Mean mixed layer potential temperature: 300.13
              Mean mixed layer mixing ratio: 19.16
              1000 hPa to 500 hPa thickness: 5801.00
Precipitable water [mm] for entire sounding: 56.18

Description of the 
data columns
or sounding indices.







Interested in graduate studies in atmospheric science?
Check out our program at the
University of Wyoming


Questions about the weather data provided by this site can be
addressed to 
Larry Oolman (ldoolman@uwyo.edu)






