
University of Wyoming - Radiosonde Data

80094 SKBG Palonegro Observations at 12Z 19 Aug 2020

-----------------------------------------------------------------------------
   PRES   HGHT   TEMP   DWPT   RELH   MIXR   DRCT   SKNT   THTA   THTE   THTV
    hPa     m      C      C      %    g/kg    deg   knot     K      K      K 
-----------------------------------------------------------------------------
 1000.0     85                                                               
  925.0    779                                                               
  882.0   1189   20.4   20.2     99  17.21    140      3  304.3  355.8  307.4
  850.0   1511   18.6   16.6     88  14.18    160      5  305.6  348.3  308.2
  731.0   2794   11.8   10.6     92  11.10    195      5  311.6  346.0  313.7
  720.0   2921   12.0    8.4     79   9.70    198      5  313.2  343.6  315.0
  700.0   3157   10.2    8.0     86   9.71    205      5  313.8  344.2  315.6
  678.0   3423    7.8    7.3     97   9.55    185      6  313.9  343.9  315.8
  583.0   4656    0.4   -0.4     94   6.42     92     10  319.1  340.0  320.4
  581.0   4683    0.3   -0.6     94   6.36     90     10  319.3  340.0  320.5
  566.0   4892   -0.8   -1.8     93   5.95    110     10  320.5  339.9  321.6
  544.0   5210   -2.4   -3.7     90   5.37     80     10  322.2  340.0  323.3
  542.0   5239   -2.5   -3.9     90   5.32     82     10  322.4  340.0  323.4
  529.0   5432   -2.7   -6.2     77   4.57     95      9  324.4  339.8  325.3
  519.0   5584   -2.1   -9.1     59   3.72    105      9  326.9  339.7  327.6
  500.0   5880   -4.5  -10.5     63   3.46    125      8  327.5  339.4  328.2
  493.0   5989   -5.2  -10.9     64   3.39    130     10  327.9  339.6  328.6
  477.0   6245   -7.0  -11.9     68   3.23    100     11  328.8  340.1  329.5
  443.0   6819  -10.9  -14.2     77   2.90     95     16  330.9  341.1  331.5
  427.0   7104  -12.9  -15.3     82   2.74    129     14  331.9  341.6  332.4
  422.0   7194  -13.4  -15.5     84   2.72    140     13  332.4  342.1  332.9
  411.0   7395  -14.5  -16.0     88   2.69    133     13  333.5  343.1  334.0
  401.0   7581  -15.3  -20.3     66   1.91    126     13  334.8  341.8  335.2
  400.0   7600  -15.7  -19.7     71   2.02    125     13  334.5  341.8  334.9
  380.0   7984  -18.3  -22.0     73   1.74    123     16  336.0  342.4  336.4
  366.0   8263  -19.3  -42.3     11   0.25    121     18  338.3  339.4  338.4
  361.0   8365  -20.0  -37.8     19   0.41    120     19  338.7  340.3  338.8
  351.0   8572  -21.5  -28.5     53   1.04    115     17  339.4  343.4  339.6
  318.0   9292  -25.7  -39.7     26   0.38     99     10  343.3  344.9  343.4
  300.0   9710  -29.7  -40.7     34   0.37     90      6  343.4  344.9  343.5
  292.0   9902  -31.1  -41.2     36   0.36    100      6  344.1  345.5  344.1
  291.0   9926  -31.3  -41.3     37   0.35     99      6  344.1  345.6  344.2
  250.0  10980  -40.9  -51.9     30   0.13     75     13  345.1  345.7  345.1
  233.0  11455  -45.1  -56.1     28   0.08     66     16  345.8  346.1  345.8
  218.0  11897  -47.9  -67.9      8   0.02     57     19  348.1  348.2  348.1
  200.0  12460  -53.1  -67.1     17   0.02     45     23  348.5  348.6  348.5
  199.0  12492  -53.4  -67.3     17   0.02     45     23  348.6  348.7  348.6
  183.0  13028  -58.3  -70.3     20   0.02     49     26  349.0  349.1  349.0
  167.0  13598  -63.5  -70.5     38   0.02     54     30  349.6  349.7  349.6
  162.0  13785  -65.1  -67.0     77   0.03     56     31  350.0  350.1  350.0
  159.0  13898  -66.5  -68.5     76   0.02     57     32  349.5  349.6  349.5
  156.0  14014  -67.5  -73.5     42   0.01     58     32  349.7  349.7  349.7
  154.0  14092  -68.1  -70.7     69   0.02     59     33  349.9  350.0  349.9
  150.0  14250  -68.7  -76.7     31   0.01     60     34  351.6  351.6  351.6
  149.0  14290  -68.7  -78.7     22   0.01     61     34  352.2  352.2  352.2
  147.0  14371  -68.7  -81.7     14   0.00     62     35  353.6  353.6  353.6
  129.0  15139  -74.5  -80.7     38   0.00     75     44  356.7  356.7  356.7
  126.0  15277  -75.5  -80.5     46   0.00     75     35  357.2  357.2  357.2
  124.0  15368  -76.0  -81.2     44   0.00     75     29  357.9  358.0  357.9
  117.0  15699  -77.8  -83.6     39   0.00     45     17  360.6  360.6  360.6
  113.0  15897  -78.9  -85.0     36   0.00     20     21  362.2  362.2  362.2
  110.0  16050  -79.8  -86.2     34   0.00     20     24  363.4  363.4  363.4
  104.0  16369  -81.5  -88.5     30   0.00     55     27  365.9  365.9  365.9
  100.0  16590  -79.5  -86.5     31   0.00     65     39  373.9  373.9  373.9
   93.3  16988  -73.9  -86.9     12   0.00     65     47  392.4  392.4  392.4
   93.0  17006  -74.0  -86.9     12   0.00     65     47  392.6  392.6  392.6
   89.0  17261  -75.1  -87.1     14   0.00     85     49  395.3  395.3  395.3
   84.6  17557  -71.9  -88.9      6   0.00    125     32  407.6  407.6  407.6
   83.0  17669  -72.2  -89.2      6   0.00    140     25  409.2  409.2  409.2
   79.4  17929  -72.9  -89.9      6   0.00    137     20  413.0  413.0  413.0
   77.0  18109  -72.3  -90.0      5   0.00    135     16  417.9  417.9  417.9
   76.0  18186  -72.0  -90.0      5   0.00    125     12  420.0  420.1  420.0
   73.0  18423  -71.2  -90.2      5   0.00     95     22  426.7  426.7  426.7
   71.0  18587  -70.6  -90.2      4   0.00     85     33  431.3  431.3  431.3
   70.0  18670  -70.3  -90.3      4   0.00     85     30  433.7  433.7  433.7
   68.0  18842  -69.9  -90.9      3   0.00     95     18  438.1  438.1  438.1
   61.9  19398  -72.3  -91.3      4   0.00    117     27  444.7  444.8  444.7
   61.0  19486  -69.7  -91.8      3   0.00    120     28  452.3  452.3  452.3
   59.0  19686  -63.9  -92.9      1   0.00    146     18  469.7  469.7  469.7
   58.0  19791  -63.3  -92.3      1   0.00    160     13  473.4  473.4  473.4
   57.0  19898  -62.7  -91.7      1   0.00    150     10  477.1  477.1  477.1
   56.0  20007  -62.1  -91.1      1   0.00                480.9  480.9  480.9
   55.0  20119  -61.1  -91.1      1   0.00                485.7  485.7  485.7
Station information and sounding indices
                         Station identifier: SKBG
                             Station number: 80094
                           Observation time: 200819/1200
                           Station latitude: 7.06
                          Station longitude: -73.12
                          Station elevation: 1189.0
                            Showalter index: -0.83
                               Lifted index: -1.59
    LIFT computed using virtual temperature: -2.05
                                SWEAT index: 217.19
                                    K index: 37.50
                         Cross totals index: 21.10
                      Vertical totals index: 23.10
                        Totals totals index: 44.20
      Convective Available Potential Energy: 733.47
             CAPE using virtual temperature: 819.13
                      Convective Inhibition: -7.58
             CINS using virtual temperature: -3.76
                           Equilibrum Level: 153.08
 Equilibrum Level using virtual temperature: 152.92
                   Level of Free Convection: 769.77
             LFCT using virtual temperature: 786.18
                     Bulk Richardson Number: 652.71
          Bulk Richardson Number using CAPV: 728.94
  Temp [K] of the Lifted Condensation Level: 290.43
Pres [hPa] of the Lifted Condensation Level: 839.56
   Equivalent potential temp [K] of the LCL: 350.43
     Mean mixed layer potential temperature: 305.33
              Mean mixed layer mixing ratio: 15.08
              1000 hPa to 500 hPa thickness: 5795.00
Precipitable water [mm] for entire sounding: 41.83

Description of the 
data columns
or sounding indices.







Interested in graduate studies in atmospheric science?
Check out our program at the
University of Wyoming


Questions about the weather data provided by this site can be
addressed to 
Larry Oolman (ldoolman@uwyo.edu)






