                                                            
  752.0   2546   14.2   11.2     82  11.23    170      1  311.7  346.5  313.8
  700.0   3159    9.6    7.1     84   9.12    105      4  313.1  341.6  314.8
  648.0   3795    4.6    4.6    100   8.27     88      9  314.4  340.5  316.0
  640.0   3896    5.7    3.2     84   7.56     85     10  316.8  341.0  318.2
  638.0   3922    6.0    2.8     80   7.39     82     10  317.4  341.1  318.8
  622.0   4130    5.3    1.0     74   6.68     55     12  318.9  340.6  320.2
  619.0   4169    5.2    0.7     73   6.55     53     12  319.2  340.5  320.5
  586.0   4614    1.9   -0.8     82   6.21     30     10  320.4  340.7  321.6
  581.0   4683    1.4   -1.0     84   6.16     35     10  320.6  340.8  321.8
  559.0   4992    0.1   -4.1     74   5.09     60     11  322.6  339.5  323.6
  525.0   5494   -2.1   -9.1     59   3.68     79     12  325.8  338.4  326.6
  515.0   5647   -3.3   -7.6     72   4.22     84     13  326.2  340.5  327.0
  514.0   5662   -3.4   -7.8     72   4.17     85     13  326.3  340.5  327.1
  504.0   5817   -4.0   -9.6     65   3.69    105     10  327.3  340.0  328.1
  500.0   5880   -4.3  -10.3     63   3.51    120      8  327.7  339.9  328.4
  486.0   6104   -5.5  -12.5     58   3.03    123     10  328.9  339.5  329.5
  481.0   6186   -5.1  -22.1     25   1.36    125     10  330.4  335.4  330.7
  449.0   6724   -9.3  -25.3     26   1.10    133     14  331.7  335.8  331.9
  442.0   6846  -10.3  -21.2     40   1.60    135     15  331.9  337.7  332.2
  438.0   6916  -10.9  -18.9     52   1.97    131     15  332.0  339.1  332.4
  423.0   7184  -12.5  -25.5     33   1.14    118     16  333.3  337.6  333.5
  420.0   7239  -13.0  -25.0     36   1.20    115     16  333.3  337.8  333.6
  411.0   7404  -14.5  -23.5     46   1.41    119     15  333.5  338.7  333.7
  400.0   7610  -15.7  -32.7     22   0.61    125     14  334.5  336.9  334.6
  396.0   7685  -15.9  -33.9     20   0.55    125     14  335.2  337.4  335.3
  390.0   7800  -16.8  -27.1     41   1.08    125     13  335.5  339.6  335.8
  389.0   7819  -16.9  -25.9     46   1.20    123     13  335.6  340.1  335.8
  380.0   7993  -18.1  -33.1     26   0.62    107     14  336.3  338.7  336.4
  379.0   8013  -18.3  -31.2     31   0.75    105     14  336.3  339.2  336.5
  375.0   8092  -18.9  -23.6     66   1.53    105     15  336.5  342.2  336.8
  374.0   8112  -19.1  -26.1     54   1.22    105     15  336.5  341.1  336.7
  373.0   8131  -19.1  -35.1     23   0.52    105     15  336.7  338.8  336.8
  371.0   8171  -19.3  -38.3     17   0.38    105     16  337.0  338.5  337.1
  350.0   8599  -22.2  -35.6     29   0.53    105     21  338.8  340.9  338.9
  345.0   8705  -22.9  -34.9     33   0.57    101     21  339.2  341.5  339.3
  320.0   9250  -26.5  -52.5      7   0.09     77     23  341.6  342.0  341.6
  318.0   9295  -26.8  -44.8     17   0.22     75     23  341.8  342.7  341.8
  316.0   9340  -27.1  -37.1     38   0.50     76     23  342.0  344.0  342.1
  315.0   9363  -27.3  -34.3     51   0.67     76     23  342.0  344.6  342.1
  311.0   9454  -28.3  -34.3     56   0.68     77     23  341.8  344.5  342.0
  300.0   9710  -30.5  -38.5     45   0.46     80     22  342.3  344.1  342.4
  298.0   9758  -30.9  -41.9     33   0.32     81     22  342.4  343.7  342.4
  287.0  10024  -33.1  -39.1     55   0.45     85     22  342.9  344.8  343.0
  286.0  10048  -33.3  -39.4     54   0.44     85     22  343.0  344.8  343.1
  269.0  10474  -36.6  -43.9     47   0.29     65     22  344.2  345.4  344.2
  259.0  10738  -38.7  -46.7     43   0.22     60     23  344.9  345.8  344.9
  250.0  10980  -41.1  -48.1     47   0.20     55     24  344.8  345.7  344.9
  243.0  11173  -43.1  -47.8     60   0.21     55     25  344.6  345.5  344.7
  229.0  11571  -46.5  -52.5     50   0.13     55     26  345.4  345.9  345.4
  223.0  11746  -47.9  -55.0     43   0.10     55     27  345.9  346.3  345.9
  200.0  12460  -53.5  -65.5     22   0.03     55     33  347.9  348.0  347.9
  192.0  12721  -55.3  -70.3     14   0.02     56     35  349.1  349.2  349.1
  167.0  13592  -63.3  -67.3     58   0.03     60     40  349.9  350.1  349.9
  150.0  14240  -69.3  -73.9     51   0.01     60     40  350.5  350.6  350.5
  148.0  14320  -70.1  -74.4     53   0.01     59     39  350.5  350.5  350.5
  140.0  14648  -72.7  -78.7     40   0.01     53     37  351.5  351.6  351.5
  134.0  14904  -74.9  -76.7     76   0.01     49     36  352.1  352.1  352.1
  130.0  15080  -75.7  -78.9     61   0.01     46     35  353.7  353.7  353.7
  128.0  15169  -76.4  -78.4     72   0.01     45     34  354.1  354.1  354.1
  127.0  15215  -76.7  -78.2     79   0.01     46     34  354.2  354.3  354.2
  114.0  15830  -80.3  -82.6     69   0.00     55     27  358.6  358.7  358.6
  112.0  15930  -80.9  -84.5     55   0.00     60     30  359.4  359.4  359.4
  109.0  16084  -79.3  -88.3     22   0.00     62     39  365.2  365.2  365.2
  106.0  16244  -77.4  -87.9     17   0.00     65     48  371.6  371.6  371.6
  103.0  16408  -75.5  -87.5     14   0.00     76     49  378.4  378.4  378.4
  102.0  16465  -75.2  -87.8     13   0.00     80     49  380.1  380.1  380.1
  100.0  16580  -74.5  -88.5     10   0.00     95     42  383.5  383.5  383.5
   96.1  16815  -68.9  -88.9      4   0.00    101     36  398.9  398.9  398.9
   91.0  17137  -70.6  -88.7      6   0.00    110     28  401.7  401.7  401.7
   87.0  17403  -72.0  -88.5      7   0.00    145     20  404.0  404.1  404.0
   84.0  17611  -73.2  -88.3      8   0.00    145     16  405.9  405.9  405.9
   83.6  17639  -73.3  -88.3      9   0.00    140     14  406.1  406.1  406.1
   80.0  17897  -73.1  -88.8      8   0.00    100     12  411.7  411.7  411.7
   77.0  18121  -72.9  -89.3      7   0.00     90     20  416.5  416.6  416.5
   75.0  18275  -72.8  -89.7      6   0.00     65     16  419.9  419.9  419.9
   70.0  18680  -72.5  -90.5      5   0.00     75     29  428.9  429.0  428.9
   68.0  18850  -72.5  -90.7      5   0.00     75     25  432.6  432.6  432.6
   65.0  19115  -72.4  -90.9      5   0.00    105     24  438.4  438.4  438.4
   60.6  19527  -72.3  -91.3      4   0.00    118     30  447.4  447.4  447.4
   60.0  19587  -71.7  -91.3      4   0.00    120     31  450.1  450.1  450.1
   57.0  19897  -68.5  -91.2      3   0.00    130     24  464.0  464.0  464.0
   53.0  20336  -64.0  -91.2      1   0.00    190     15  484.2  484.2  484.2
   51.0  20568  -61.6  -91.1      1   0.00      0      0  495.1  495.1  495.1
   50.6  20616  -61.1  -91.1      1   0.00    356      2  497.4  497.4  497.4
   50.0  20690  -61.3  -91.3      1   0.00    350      6  498.6  498.6  498.6
   49.0  20815  -61.5  -91.5      1   0.00    350     10  500.9  500.9  500.9
   47.0  21073  -62.0  -92.0      1   0.00     15     22  505.7  505.7  505.7
   45.0  21342  -62.6  -92.6      1   0.00      5     21  510.8  510.8  510.8
   44.0  21481  -62.8  -92.8      1   0.00     25     19  513.4  513.4  513.4
   43.8  21509  -62.9  -92.9      1   0.00     34     19  513.9  513.9  513.9
   41.0  21921  -59.5  -91.0      1   0.00    170     14  532.1  532.2  532.1
   40.2  22043  -58.5  -90.5      1   0.00    184     12  537.7  537.7  537.7
   39.0  22233  -59.5  -90.8      1   0.00    205     10  539.8  539.8  539.8
   37.0  22562  -61.3  -91.4      1   0.00      0      0  543.4  543.4  543.4
   36.8  22596  -61.5  -91.5      1   0.00     20      2  543.7  543.7  543.7
   36.0  22734  -60.3  -91.1      1   0.00    100     10  550.4  550.4  550.4
   35.0  22912  -58.7  -90.6      1   0.00    110     10  559.0  559.0  559.0
   33.0  23283  -55.3  -89.6      1   0.00     50      1  577.2  577.3  577.2
   32.4  23399  -54.3  -89.3      1   0.00     26      6  583.0  583.1  583.0
   32.0  23478  -54.7  -89.4      1   0.00     10     10  584.0  584.0  584.0
   30.0  23890  -56.9  -89.9      1   0.00     60     18  588.9  589.0  588.9
   29.2  24060  -57.7  -90.7      1   0.00     68     20  591.3  591.3  591.3
   29.0  24104  -57.5  -90.7      1   0.00     70     21  593.0  593.0  593.0
   28.0  24326  -56.5  -90.6      1   0.00    140      5  601.7  601.8  601.7
   27.0  24557  -55.5  -90.4      1   0.00    175     10  610.9  611.0  610.9
   26.0  24796  -54.4  -90.3      0   0.00    225     11  620.6  620.6  620.6
   25.9  24820  -54.3  -90.3      0   0.00    226     11  621.6  621.6  621.6
   24.0  25304  -55.2  -90.6      1   0.00    240     11  632.6  632.7  632.6
   23.0  25574  -55.7  -90.8      1   0.00    285     20  638.9  638.9  638.9
   22.0  25856  -56.2  -90.9      1   0.00    300     23  645.5  645.5  645.5
   21.0  26151  -56.8  -91.1      1   0.00    305     15  652.5  652.5  652.5
   20.1  26429  -57.3  -91.3      1   0.00    327     11  659.1  659.1  659.1
   20.0  26460  -57.1  -91.1      1   0.00    330     10  660.6  660.7  660.7
   19.0  26789  -55.1  -90.3      1   0.01     45      3  676.6  676.7  676.6
   18.0  27136  -53.0  -89.5      0   0.01    125     18  693.9  693.9  693.9
   17.0  27503  -50.7  -88.6      0   0.01    140     26  712.5  712.6  712.5
   16.9  27541  -50.5  -88.5      0   0.01                714.4  714.5  714.4

